   5.000000      0.0000000E+00            NaN
   10.00000      6.0053524E-03  -1.569427    
   15.00000      1.2017186E-02  -1.567771    
   20.00000      1.8019749E-02  -1.566192    
   25.00000      2.4030659E-02  -1.564665    
   30.00000      3.0045317E-02  -1.563135    
   35.00000      3.6061857E-02  -1.561603    
   40.00000      4.2078815E-02  -1.560102    
   45.00000      4.8105795E-02  -1.558371    
   50.00000      5.4143135E-02  -1.556949    
   55.00000      6.0185771E-02  -1.555462    
   60.00000      6.6232562E-02  -1.553932    
   65.00000      7.2293073E-02  -1.552387    
   70.00000      7.8355037E-02  -1.550857    
   75.00000      8.4428169E-02  -1.549319    
   80.00000      9.0516150E-02  -1.547786    
   85.00000      9.6619248E-02  -1.546257    
   90.00000      0.1027228      -1.544711    
   95.00000      0.1088454      -1.543185    
   100.0000      0.1149855      -1.541654    
   105.0000      0.1211364      -1.540114    
   110.0000      0.1273039      -1.538591    
   115.0000      0.1334923      -1.537050    
   120.0000      0.1396896      -1.535533    
   125.0000      0.1459159      -1.534021    
   130.0000      0.1521528      -1.532458    
   135.0000      0.1584102      -1.530925    
   140.0000      0.1646913      -1.529382    
   145.0000      0.1709916      -1.527842    
   150.0000      0.1773185      -1.526312    
   155.0000      0.1836650      -1.524768    
   160.0000      0.1900420      -1.523239    
   165.0000      0.1964439      -1.521712    
   170.0000      0.2028628      -1.520174    
   175.0000      0.2093185      -1.518637    
   180.0000      0.2157979      -1.517109    
   185.0000      0.2223015      -1.515575    
   190.0000      0.2288461      -1.514036    
   195.0000      0.2354219      -1.512501    
   200.0000      0.2420257      -1.510964    
   205.0000      0.2486747      -1.509446    
   210.0000      0.2553360      -1.507911    
   215.0000      0.2620454      -1.506369    
   220.0000      0.2687937      -1.504839    
   225.0000      0.2755796      -1.503299    
   230.0000      0.2824009      -1.501767    
   235.0000      0.2892635      -1.500233    
   240.0000      0.2961718      -1.498703    
   245.0000      0.3031159      -1.497165    
   250.0000      0.3101108      -1.495636    
   255.0000      0.3171485      -1.494099    
   260.0000      0.3242326      -1.492563    
   265.0000      0.3313683      -1.491031    
   270.0000      0.3385483      -1.489497    
   275.0000      0.3457853      -1.487965    
   280.0000      0.3530701      -1.486425    
   285.0000      0.3603944      -1.484930    
   290.0000      0.3678040      -1.483361    
   295.0000      0.3752567      -1.481830    
   300.0000      0.3827689      -1.480290    
   305.0000      0.3903410      -1.478758    
   310.0000      0.3979733      -1.477224    
   315.0000      0.4056687      -1.475690    
   320.0000      0.4134300      -1.474157    
   325.0000      0.4212616      -1.472622    
   330.0000      0.4291610      -1.471088    
   335.0000      0.4371315      -1.469554    
   340.0000      0.4451705      -1.468017    
   345.0000      0.4532879      -1.466486    
   350.0000      0.4614821      -1.464956    
   355.0000      0.4697551      -1.463417    
   360.0000      0.4781092      -1.461885    
   365.0000      0.4865506      -1.460403    
   370.0000      0.4950697      -1.458815    
   375.0000      0.5036817      -1.457281    
   380.0000      0.5123798      -1.455747    
   385.0000      0.5211773      -1.454212    
   390.0000      0.5300645      -1.452682    
   395.0000      0.5390570      -1.451145    
   400.0000      0.5481426      -1.449614    
   405.0000      0.5573376      -1.448077    
   410.0000      0.5666351      -1.446547    
   415.0000      0.5760432      -1.445014    
   420.0000      0.5855700      -1.443478    
   425.0000      0.5952034      -1.441945    
   430.0000      0.6049663      -1.440415    
   435.0000      0.6148461      -1.438885    
   440.0000      0.6248525      -1.437353    
   445.0000      0.6349885      -1.435837    
   450.0000      0.6452648      -1.434259    
   455.0000      0.6556650      -1.432722    
   460.0000      0.6662182      -1.431204    
   465.0000      0.6769151      -1.429669    
   470.0000      0.6877590      -1.428130    
   475.0000      0.6987598      -1.426602    
   480.0000      0.7099229      -1.425068    
   485.0000      0.7212498      -1.423531    
   490.0000      0.7327421      -1.422001    
   495.0000      0.7444153      -1.420467    
   500.0000      0.7562615      -1.418930    
   505.0000      0.7683023      -1.417397    
   510.0000      0.7805272      -1.415863    
   515.0000      0.7929443      -1.414328    
   520.0000      0.8055782      -1.412797    
   525.0000      0.8184245      -1.411257    
   530.0000      0.8314734      -1.409727    
   535.0000      0.8447534      -1.408193    
   540.0000      0.8582692      -1.406659    
   545.0000      0.8720226      -1.405125    
   550.0000      0.8860277      -1.403593    
   555.0000      0.9002914      -1.402058    
   560.0000      0.9148123      -1.400524    
   565.0000      0.9296107      -1.398990    
   570.0000      0.9446991      -1.397455    
   575.0000      0.9600778      -1.395922    
   580.0000      0.9757634      -1.394389    
   585.0000      0.9917629      -1.392854    
   590.0000       1.008091      -1.391321    
   595.0000       1.024763      -1.389786    
   600.0000       1.041780      -1.388251    
   605.0000       1.059173      -1.386721    
   610.0000       1.076936      -1.385185    
   615.0000       1.095105      -1.383650    
   620.0000       1.113679      -1.382116    
   625.0000       1.132688      -1.380583    
   630.0000       1.152131      -1.379048    
   635.0000       1.172039      -1.377515    
   640.0000       1.192435      -1.375980    
   645.0000       1.213318      -1.374447    
   650.0000       1.234745      -1.372915    
   655.0000       1.256709      -1.371378    
   660.0000       1.279246      -1.369845    
   665.0000       1.302371      -1.368311    
   670.0000       1.326125      -1.366778    
   675.0000       1.350528      -1.365244    
   680.0000       1.375610      -1.363709    
   685.0000       1.401412      -1.362177    
   690.0000       1.427945      -1.360639    
   695.0000       1.455271      -1.359106    
   700.0000       1.483419      -1.357572    
   705.0000       1.512429      -1.356039    
   710.0000       1.542344      -1.354505    
   715.0000       1.573213      -1.352971    
   720.0000       1.605087      -1.351437    
   725.0000       1.638016      -1.349903    
   730.0000       1.672065      -1.348369    
   735.0000       1.707285      -1.346835    
   740.0000       1.743757      -1.345301    
   745.0000       1.781538      -1.343767    
   750.0000       1.820715      -1.342233    
   755.0000       1.861366      -1.340699    
   760.0000       1.903585      -1.339165    
   765.0000       1.947473      -1.337631    
   770.0000       1.993125      -1.336098    
   775.0000       2.040669      -1.334564    
   780.0000       2.090224      -1.333029    
   785.0000       2.141922      -1.331496    
   790.0000       2.195926      -1.329962    
   795.0000       2.252388      -1.328428    
   800.0000       2.311493      -1.326893    
   805.0000       2.373439      -1.325359    
   810.0000       2.438439      -1.323826    
   815.0000       2.506742      -1.322292    
   820.0000       2.578604      -1.320757    
   825.0000       2.654336      -1.319224    
   830.0000       2.734251      -1.317689    
   835.0000       2.818728      -1.316155    
   840.0000       2.908171      -1.314620    
   845.0000       3.003077      -1.313086    
   850.0000       3.103930      -1.311553    
   855.0000       3.211340      -1.310020    
   860.0000       3.325989      -1.308485    
   865.0000       3.448638      -1.306952    
   870.0000       3.580184      -1.305417    
   875.0000       3.721648      -1.303884    
   880.0000       3.874202      -1.302349    
   885.0000       4.039240      -1.300816    
   890.0000       4.218385      -1.299282    
   895.0000       4.413539      -1.297748    
   900.0000       4.626996      -1.296214    
   905.0000       4.861470      -1.294680    
   910.0000       5.120267      -1.293146    
   915.0000       5.407430      -1.291612    
   920.0000       5.727924      -1.290078    
   925.0000       6.087988      -1.288544    
   930.0000       6.495408      -1.287010    
   935.0000       6.960340      -1.285476    
   940.0000       7.495932      -1.283942    
   945.0000       8.119707      -1.282408    
   950.0000       8.855491      -1.280874    
   955.0000       9.736573      -1.279340    
   960.0000       10.81086      -1.277806    
   965.0000       12.14994      -1.276272    
   970.0000       13.86571      -1.274738    
   975.0000       16.14350      -1.273204    
   980.0000       19.31408      -1.271670    
   985.0000       24.03104      -1.270136    
   990.0000       31.79203      -1.268602    
   995.0000       46.95037      -1.267068    
   1000.000       89.72286      -1.265534    
   1005.000       1008.002      -1.264000    
   1010.000       109.1414      -1.262466    
   1015.000       51.76136      -1.260932    
   1020.000       33.92089      -1.259398    
   1025.000       25.22280      -1.257864    
   1030.000       20.07237      -1.256330    
   1035.000       16.66639      -1.254796    
   1040.000       14.24665      -1.253262    
   1045.000       12.43875      -1.251728    
   1050.000       11.03648      -1.250194    
   1055.000       9.916966      -1.248660    
   1060.000       9.002398      -1.247126    
   1065.000       8.241117      -1.245592    
   1070.000       7.597474      -1.244059    
   1075.000       7.046094      -1.242525    
   1080.000       6.568391      -1.240991    
   1085.000       6.150461      -1.239455    
   1090.000       5.781730      -1.237923    
   1095.000       5.453891      -1.236388    
   1100.000       5.160508      -1.234855    
   1105.000       4.896363      -1.233321    
   1110.000       4.657251      -1.231787    
   1115.000       4.439758      -1.230252    
   1120.000       4.241045      -1.228719    
   1125.000       4.058754      -1.227185    
   1130.000       3.890907      -1.225651    
   1135.000       3.735828      -1.224117    
   1140.000       3.592097      -1.222583    
   1145.000       3.458484      -1.221049    
   1150.000       3.333949      -1.219515    
   1155.000       3.217573      -1.217981    
   1160.000       3.108569      -1.216446    
   1165.000       3.006227      -1.214912    
   1170.000       2.909969      -1.213380    
   1175.000       2.819236      -1.211845    
   1180.000       2.733549      -1.210311    
   1185.000       2.652495      -1.208777    
   1190.000       2.575688      -1.207243    
   1195.000       2.502805      -1.205709    
   1200.000       2.433526      -1.204175    
   1205.000       2.367588      -1.202641    
   1210.000       2.304749      -1.201107    
   1215.000       2.244778      -1.199573    
   1220.000       2.187484      -1.198039    
   1225.000       2.132676      -1.196505    
   1230.000       2.080185      -1.194971    
   1235.000       2.029864      -1.193437    
   1240.000       1.981571      -1.191903    
   1245.000       1.935173      -1.190369    
   1250.000       1.890574      -1.188834    
   1255.000       1.847643      -1.187302    
   1260.000       1.806295      -1.185767    
   1265.000       1.766426      -1.184233    
   1270.000       1.727960      -1.182699    
   1275.000       1.690814      -1.181166    
   1280.000       1.654917      -1.179631    
   1285.000       1.620195      -1.178097    
   1290.000       1.586604      -1.176564    
   1295.000       1.554063      -1.175030    
   1300.000       1.522532      -1.173496    
   1305.000       1.491954      -1.171962    
   1310.000       1.462284      -1.170428    
   1315.000       1.433471      -1.168896    
   1320.000       1.405485      -1.167361    
   1325.000       1.378291      -1.165841    
   1330.000       1.351809      -1.164290    
   1335.000       1.326058      -1.162756    
   1340.000       1.300980      -1.161223    
   1345.000       1.276551      -1.159689    
   1350.000       1.252739      -1.158156    
   1355.000       1.229522      -1.156621    
   1360.000       1.206863      -1.155088    
   1365.000       1.184750      -1.153553    
   1370.000       1.163152      -1.152019    
   1375.000       1.142053      -1.150486    
   1380.000       1.121428      -1.148951    
   1385.000       1.101264      -1.147418    
   1390.000       1.081533      -1.145883    
   1395.000       1.062226      -1.144349    
   1400.000       1.043323      -1.142816    
   1405.000       1.024816      -1.141281    
   1410.000       1.006663      -1.139746    
   1415.000      0.9888787      -1.138216    
   1420.000      0.9714417      -1.136680    
   1425.000      0.9543386      -1.135146    
   1430.000      0.9375518      -1.133612    
   1435.000      0.9210733      -1.132078    
   1440.000      0.9048923      -1.130545    
   1445.000      0.8889899      -1.129010    
   1450.000      0.8733767      -1.127476    
   1455.000      0.8580221      -1.125942    
   1460.000      0.8429268      -1.124408    
   1465.000      0.8280767      -1.122873    
   1470.000      0.8134626      -1.121340    
   1475.000      0.7990860      -1.119804    
   1480.000      0.7849258      -1.118273    
   1485.000      0.7709837      -1.116728    
   1490.000      0.7572474      -1.115205    
   1495.000      0.7437126      -1.113673    
   1500.000      0.7303683      -1.112136    
   1505.000      0.7172183      -1.110603    
   1510.000      0.7042415      -1.109068    
   1515.000      0.6914464      -1.107534    
   1520.000      0.6788155      -1.106000    
   1525.000      0.6663494      -1.104466    
   1530.000      0.6540411      -1.102935    
   1535.000      0.6418889      -1.101399    
   1540.000      0.6298822      -1.099864    
   1545.000      0.6180219      -1.098331    
   1550.000      0.6062971      -1.096799    
   1555.000      0.5947070      -1.095267    
   1560.000      0.5832437      -1.093727    
   1565.000      0.5719041      -1.092094    
   1570.000      0.5606982      -1.090656    
   1575.000      0.5496023      -1.089127    
   1580.000      0.5386153      -1.087592    
   1585.000      0.5277457      -1.086057    
   1590.000      0.5169750      -1.084525    
   1595.000      0.5063162      -1.082990    
   1600.000      0.4957525      -1.081455    
   1605.000      0.4852837      -1.079923    
   1610.000      0.4749071      -1.078393    
   1615.000      0.4646215      -1.076856    
   1620.000      0.4544256      -1.075322    
   1625.000      0.4443123      -1.073786    
   1630.000      0.4342778      -1.072250    
   1635.000      0.4243254      -1.070719    
   1640.000      0.4144467      -1.069186    
   1645.000      0.4046452      -1.067626    
   1650.000      0.3949112      -1.066117    
   1655.000      0.3852435      -1.064583    
   1660.000      0.3756453      -1.063044    
   1665.000      0.3661140      -1.061513    
   1670.000      0.3566351      -1.059983    
   1675.000      0.3472233      -1.058450    
   1680.000      0.3378620      -1.056910    
   1685.000      0.3285537      -1.055378    
   1690.000      0.3193044      -1.053842    
   1695.000      0.3101037      -1.052309    
   1700.000      0.3009533      -1.050776    
   1705.000      0.2918431      -1.049240    
   1710.000      0.2827857      -1.047714    
   1715.000      0.2737672      -1.046166    
   1720.000      0.2647870      -1.044628    
   1725.000      0.2558630      -1.043197    
   1730.000      0.2469576      -1.041570    
   1735.000      0.2380925      -1.040048    
   1740.000      0.2292593      -1.038512    
   1745.000      0.2204515      -1.036978    
   1750.000      0.2116929      -1.035439    
   1755.000      0.2029561      -1.033904    
   1760.000      0.1942430      -1.032363    
   1765.000      0.1855512      -1.030834    
   1770.000      0.1768994      -1.029301    
   1775.000      0.1682613      -1.027763    
   1780.000      0.1596472      -1.026236    
   1785.000      0.1510519      -1.024699    
   1790.000      0.1424722      -1.023170    
   1795.000      0.1339139      -1.021633    
   1800.000      0.1253698      -1.020094    
   1805.000      0.1168404      -1.018609    
   1810.000      0.1083197      -1.017030    
   1815.000      9.9815093E-02  -1.015495    
   1820.000      9.1318682E-02  -1.013966    
   1825.000      8.2826853E-02  -1.012431    
   1830.000      7.4352488E-02  -1.010894    
   1835.000      6.5881364E-02  -1.009357    
   1840.000      5.7412237E-02  -1.007815    
   1845.000      4.8941147E-02  -1.006291    
   1850.000      4.0485267E-02  -1.004741    
   1855.000      3.2021929E-02  -1.003195    
   1860.000      2.3559082E-02  -1.001715    
   1865.000      1.5091194E-02  -1.000128    
   1870.000      6.6279117E-03 -0.9987062    
   1875.000      1.8412339E-03 -0.9970295    
   1880.000      1.0313781E-02 -0.9954677    
   1885.000      1.8807283E-02 -0.9938437    
   1890.000      2.7293192E-02 -0.9924905    
   1895.000      3.5787899E-02 -0.9909422    
   1900.000      4.4301346E-02 -0.9894142    
   1905.000      5.2822974E-02 -0.9878832    
   1910.000      6.1353434E-02 -0.9863436    
   1915.000      6.9900431E-02 -0.9848257    
   1920.000      7.8466840E-02 -0.9832747    
   1925.000      8.7040961E-02 -0.9817485    
   1930.000      9.5642768E-02 -0.9802125    
   1935.000      0.1042613     -0.9786760    
   1940.000      0.1128939     -0.9771497    
   1945.000      0.1215561     -0.9756077    
   1950.000      0.1302328     -0.9740752    
   1955.000      0.1389347     -0.9725407    
   1960.000      0.1476623     -0.9709983    
   1965.000      0.1564358     -0.9694953    
   1970.000      0.1652052     -0.9679370    
   1975.000      0.1740128     -0.9664096    
   1980.000      0.1828579     -0.9648786    
   1985.000      0.1917236     -0.9633383    
   1990.000      0.2006395     -0.9618073    
   1995.000      0.2095746     -0.9602709    
   2000.000      0.2185539     -0.9587423    
   2005.000      0.2275643     -0.9572068    
   2010.000      0.2366156     -0.9556737    
   2015.000      0.2457097     -0.9541403    
   2020.000      0.2548391     -0.9526048    
   2025.000      0.2640043     -0.9510679    
   2030.000      0.2732279     -0.9495337    
   2035.000      0.2824887     -0.9480017    
   2040.000      0.2917942     -0.9464552    
   2045.000      0.3011722     -0.9449393    
   2050.000      0.3105569     -0.9433857    
   2055.000      0.3200142     -0.9418575    
   2060.000      0.3295227     -0.9403290    
   2065.000      0.3390837     -0.9387978    
   2070.000      0.3486979     -0.9372621    
   2075.000      0.3583729     -0.9357255    
   2080.000      0.3681027     -0.9341906    
   2085.000      0.3778938     -0.9326590    
   2090.000      0.3877474     -0.9311230    
   2095.000      0.3976667     -0.9295910    
   2100.000      0.4076445     -0.9280561    
   2105.000      0.4176942     -0.9265258    
   2110.000      0.4278082     -0.9249933    
   2115.000      0.4379902     -0.9234482    
   2120.000      0.4482517     -0.9219218    
   2125.000      0.4585803     -0.9203775    
   2130.000      0.4689884     -0.9188497    
   2135.000      0.4794763     -0.9173175    
   2140.000      0.4900378     -0.9157829    
   2145.000      0.5006727     -0.9142518    
   2150.000      0.5114077     -0.9127172    
   2155.000      0.5222151     -0.9111832    
   2160.000      0.5331180     -0.9096511    
   2165.000      0.5441123     -0.9081163    
   2170.000      0.5551873     -0.9065833    
   2175.000      0.5663605     -0.9050493    
   2180.000      0.5776287     -0.9035154    
   2185.000      0.5889958     -0.9019805    
   2190.000      0.6004637     -0.9004489    
   2195.000      0.6120317     -0.8989154    
   2200.000      0.6237075     -0.8973806    
   2205.000      0.6354647     -0.8958464    
   2210.000      0.6473774     -0.8943099    
   2215.000      0.6593844     -0.8927748    
   2220.000      0.6715085     -0.8912429    
   2225.000      0.6837472     -0.8897080    
   2230.000      0.6961034     -0.8881745    
   2235.000      0.7085852     -0.8866407    
   2240.000      0.7211958     -0.8851066    
   2245.000      0.7339352     -0.8835726    
   2250.000      0.7468029     -0.8820398    
   2255.000      0.7598091     -0.8805050    
   2260.000      0.7729504     -0.8789716    
   2265.000      0.7862466     -0.8774373    
   2270.000      0.7996683     -0.8759041    
   2275.000      0.8132454     -0.8743670    
   2280.000      0.8269859     -0.8728381    
   2285.000      0.8408864     -0.8712975    
   2290.000      0.8549123     -0.8697671    
   2295.000      0.8691221     -0.8682343    
   2300.000      0.8835025     -0.8666994    
   2305.000      0.8980488     -0.8651649    
   2310.000      0.9127668     -0.8636317    
   2315.000      0.9276710     -0.8620971    
   2320.000      0.9427561     -0.8605635    
   2325.000      0.9580303     -0.8590292    
   2330.000      0.9734954     -0.8574954    
   2335.000      0.9891575     -0.8559613    
   2340.000       1.005025     -0.8544269    
   2345.000       1.021098     -0.8528929    
   2350.000       1.037384     -0.8513575    
   2355.000       1.053889     -0.8498229    
   2360.000       1.070608     -0.8482895    
   2365.000       1.087557     -0.8467476    
   2370.000       1.104751     -0.8452267    
   2375.000       1.122181     -0.8436893    
   2380.000       1.139858     -0.8421552    
   2385.000       1.157779     -0.8406209    
   2390.000       1.175972     -0.8390870    
   2395.000       1.194425     -0.8375539    
   2400.000       1.213148     -0.8360202    
   2405.000       1.232152     -0.8344856    
   2410.000       1.251450     -0.8329520    
   2415.000       1.271038     -0.8314165    
   2420.000       1.290933     -0.8298838    
   2425.000       1.311137     -0.8283493    
   2430.000       1.331657     -0.8268157    
   2435.000       1.352507     -0.8252807    
   2440.000       1.373700     -0.8237453    
   2445.000       1.395229     -0.8222147    
   2450.000       1.417130     -0.8206798    
   2455.000       1.439385     -0.8191459    
   2460.000       1.462026     -0.8176119    
   2465.000       1.485050     -0.8160779    
   2470.000       1.508473     -0.8145441    
   2475.000       1.532307     -0.8130099    
   2480.000       1.556565     -0.8114756    
   2485.000       1.581256     -0.8099419    
   2490.000       1.606399     -0.8084081    
   2495.000       1.632000     -0.8068742    
   2500.000       1.658075     -0.8053403    
   2505.000       1.684643     -0.8038057    
   2510.000       1.711723     -0.8022712    
   2515.000       1.739315     -0.8007380    
   2520.000       1.767450     -0.7992042    
   2525.000       1.796139     -0.7976695    
   2530.000       1.825400     -0.7961368    
   2535.000       1.855248     -0.7946024    
   2540.000       1.885714     -0.7930678    
   2545.000       1.916805     -0.7915342    
   2550.000       1.948557     -0.7899999    
   2555.000       1.980972     -0.7884659    
   2560.000       2.014088     -0.7869323    
   2565.000       2.047922     -0.7853982    
   2570.000       2.082511     -0.7838643    
   2575.000       2.117865     -0.7823302    
   2580.000       2.154021     -0.7807968    
   2585.000       2.191005     -0.7792626    
   2590.000       2.228849     -0.7777283    
   2595.000       2.267585     -0.7761950    
   2600.000       2.307241     -0.7746605    
   2605.000       2.347845     -0.7731287    
   2610.000       2.389465     -0.7715939    
   2615.000       2.432108     -0.7700588    
   2620.000       2.475826     -0.7685241    
   2625.000       2.520667     -0.7669905    
   2630.000       2.566660     -0.7654567    
   2635.000       2.613862     -0.7639230    
   2640.000       2.662330     -0.7623891    
   2645.000       2.712089     -0.7608548    
   2650.000       2.763243     -0.7593211    
   2655.000       2.815812     -0.7577863    
   2660.000       2.869867     -0.7562524    
   2665.000       2.925474     -0.7547188    
   2670.000       2.982705     -0.7531843    
   2675.000       3.041628     -0.7516512    
   2680.000       3.102331     -0.7501175    
   2685.000       3.164894     -0.7485834    
   2690.000       3.229397     -0.7470491    
   2695.000       3.295944     -0.7455137    
   2700.000       3.364630     -0.7439803    
   2705.000       3.435569     -0.7424471    
   2710.000       3.508864     -0.7409126    
   2715.000       3.584649     -0.7393786    
   2720.000       3.663038     -0.7378446    
   2725.000       3.744188     -0.7363108    
   2730.000       3.828240     -0.7347769    
   2735.000       3.915364     -0.7332425    
   2740.000       4.005716     -0.7317088    
   2745.000       4.099501     -0.7301747    
   2750.000       4.196901     -0.7286409    
   2755.000       4.298146     -0.7271071    
   2760.000       4.403459     -0.7255724    
   2765.000       4.513114     -0.7240381    
   2770.000       4.627360     -0.7225047    
   2775.000       4.746513     -0.7209707    
   2780.000       4.870896     -0.7194369    
   2785.000       5.000861     -0.7179029    
   2790.000       5.136797     -0.7163687    
   2795.000       5.279127     -0.7148350    
   2800.000       5.428307     -0.7133009    
   2805.000       5.584858     -0.7117670    
   2810.000       5.749348     -0.7102332    
   2815.000       5.922391     -0.7086991    
   2820.000       6.104673     -0.7071651    
   2825.000       6.296969     -0.7056311    
   2830.000       6.500114     -0.7040973    
   2835.000       6.715074     -0.7025630    
   2840.000       6.942908     -0.7010290    
   2845.000       7.184810     -0.6994953    
   2850.000       7.442140     -0.6979607    
   2855.000       7.716410     -0.6964270    
   2860.000       8.009368     -0.6948934    
   2865.000       8.322986     -0.6933594    
   2870.000       8.659548     -0.6918253    
   2875.000       9.021665     -0.6902913    
   2880.000       9.412365     -0.6887573    
   2885.000       9.835184     -0.6872234    
   2890.000       10.29426     -0.6856897    
   2895.000       10.79447     -0.6841555    
   2900.000       11.34162     -0.6826215    
   2905.000       11.94263     -0.6810874    
   2910.000       12.60589     -0.6795534    
   2915.000       13.34161     -0.6780194    
   2920.000       14.16236     -0.6764853    
   2925.000       15.08382     -0.6749499    
   2930.000       16.12566     -0.6734174    
   2935.000       17.31325     -0.6718836    
   2940.000       18.67944     -0.6703496    
   2945.000       20.26783     -0.6688156    
   2950.000       22.13743     -0.6672816    
   2955.000       24.37021     -0.6657476    
   2960.000       27.08342     -0.6642137    
   2965.000       30.45085     -0.6626797    
   2970.000       34.74162     -0.6611458    
   2975.000       40.39588     -0.6596118    
   2980.000       48.18645     -0.6580778    
   2985.000       59.60615     -0.6565438    
   2990.000       77.96110     -0.6550099    
   2995.000       112.3245     -0.6534759    
   3000.000       199.8356     -0.6519418    
   3005.000       884.4616     -0.6504079    
   3010.000       367.9250     -0.6488739    
   3015.000       152.8611     -0.6473399    
   3020.000       96.69807     -0.6458059    
   3025.000       70.83685     -0.6442720    
   3030.000       55.96416     -0.6427380    
   3035.000       46.30352     -0.6412039    
   3040.000       39.52360     -0.6396700    
   3045.000       34.50304     -0.6381360    
   3050.000       30.63564     -0.6366020    
   3055.000       27.56501     -0.6350681    
   3060.000       25.06789     -0.6335341    
   3065.000       22.99734     -0.6320001    
   3070.000       21.25264     -0.6304661    
   3075.000       19.76245     -0.6289321    
   3080.000       18.47489     -0.6273981    
   3085.000       17.35122     -0.6258643    
   3090.000       16.36207     -0.6243302    
   3095.000       15.48458     -0.6227962    
   3100.000       14.70090     -0.6212624    
   3105.000       13.99672     -0.6197283    
   3110.000       13.36052     -0.6181943    
   3115.000       12.78293     -0.6166602    
   3120.000       12.25618     -0.6151263    
   3125.000       11.77385     -0.6135924    
   3130.000       11.33055     -0.6120585    
   3135.000       10.92173     -0.6105244    
   3140.000       10.54350     -0.6089904    
   3145.000       10.19256     -0.6074564    
   3150.000       9.866050     -0.6059225    
   3155.000       9.561518     -0.6043885    
   3160.000       9.276804     -0.6028544    
   3165.000       9.010047     -0.6013208    
   3170.000       8.759576     -0.5997864    
   3175.000       8.523958     -0.5982525    
   3180.000       8.301913     -0.5967184    
   3185.000       8.092293     -0.5951845    
   3190.000       7.894095     -0.5936505    
   3195.000       7.706395     -0.5921165    
   3200.000       7.528388     -0.5905824    
   3205.000       7.359330     -0.5890486    
   3210.000       7.198589     -0.5875147    
   3215.000       7.045542     -0.5859807    
   3220.000       6.899659     -0.5844467    
   3225.000       6.760444     -0.5829127    
   3230.000       6.627454     -0.5813788    
   3235.000       6.500277     -0.5798450    
   3240.000       6.378543     -0.5783111    
   3245.000       6.261916     -0.5767757    
   3250.000       6.150058     -0.5752430    
   3255.000       6.042703     -0.5737088    
   3260.000       5.939586     -0.5721748    
   3265.000       5.840447     -0.5706409    
   3270.000       5.745075     -0.5691069    
   3275.000       5.653248     -0.5675731    
   3280.000       5.564778     -0.5660390    
   3285.000       5.479477     -0.5645050    
   3290.000       5.397196     -0.5629711    
   3295.000       5.317751     -0.5614371    
   3300.000       5.241020     -0.5599030    
   3305.000       5.166855     -0.5583690    
   3310.000       5.095138     -0.5568351    
   3315.000       5.025736     -0.5553015    
   3320.000       4.958558     -0.5537671    
   3325.000       4.893493     -0.5522332    
   3330.000       4.830421     -0.5506988    
   3335.000       4.769279     -0.5491642    
   3340.000       4.709966     -0.5476308    
   3345.000       4.652412     -0.5460972    
   3350.000       4.596527     -0.5445631    
   3355.000       4.542253     -0.5430291    
   3360.000       4.489512     -0.5414953    
   3365.000       4.438242     -0.5399612    
   3370.000       4.388384     -0.5384273    
   3375.000       4.339882     -0.5368931    
   3380.000       4.292678     -0.5353590    
   3385.000       4.246723     -0.5338253    
   3390.000       4.201969     -0.5322915    
   3395.000       4.158368     -0.5307573    
   3400.000       4.115877     -0.5292234    
   3405.000       4.074455     -0.5276908    
   3410.000       4.034064     -0.5261559    
   3415.000       3.994655     -0.5246210    
   3420.000       3.956210     -0.5230875    
   3425.000       3.918680     -0.5215535    
   3430.000       3.882047     -0.5200197    
   3435.000       3.846265     -0.5184855    
   3440.000       3.811311     -0.5169514    
   3445.000       3.777155     -0.5154175    
   3450.000       3.743779     -0.5138834    
   3455.000       3.711143     -0.5123497    
   3460.000       3.679236     -0.5108156    
   3465.000       3.648020     -0.5092816    
   3470.000       3.617486     -0.5077478    
   3475.000       3.587609     -0.5062138    
   3480.000       3.558362     -0.5046795    
   3485.000       3.529704     -0.5031472    
   3490.000       3.501696     -0.5016115    
   3495.000       3.474239     -0.5000780    
   3500.000       3.447336     -0.4985439    
   3505.000       3.420980     -0.4970100    
   3510.000       3.395154     -0.4954759    
   3515.000       3.369838     -0.4939417    
   3520.000       3.345017     -0.4924078    
   3525.000       3.320680     -0.4908737    
   3530.000       3.296811     -0.4893401    
   3535.000       3.273400     -0.4878059    
   3540.000       3.250429     -0.4862719    
   3545.000       3.227886     -0.4847382    
   3550.000       3.205769     -0.4832041    
   3555.000       3.184055     -0.4816704    
   3560.000       3.162739     -0.4801362    
   3565.000       3.141811     -0.4786023    
   3570.000       3.121254     -0.4770677    
   3575.000       3.101065     -0.4755349    
   3580.000       3.081229     -0.4740001    
   3585.000       3.061750     -0.4724661    
   3590.000       3.042598     -0.4709323    
   3595.000       3.023785     -0.4693980    
   3600.000       3.005286     -0.4678642    
   3605.000       2.987094     -0.4663303    
   3610.000       2.969233     -0.4647964    
   3615.000       2.951651     -0.4632622    
   3620.000       2.934368     -0.4617283    
   3625.000       2.917370     -0.4601944    
   3630.000       2.900642     -0.4586599    
   3635.000       2.884189     -0.4571257    
   3640.000       2.867997     -0.4555921    
   3645.000       2.852077     -0.4540586    
   3650.000       2.836389     -0.4525237    
   3655.000       2.820967     -0.4509915    
   3660.000       2.805775     -0.4494568    
   3665.000       2.790821     -0.4479226    
   3670.000       2.776098     -0.4463886    
   3675.000       2.761599     -0.4448546    
   3680.000       2.747324     -0.4433208    
   3685.000       2.733256     -0.4417865    
   3690.000       2.719411     -0.4402528    
   3695.000       2.705765     -0.4387186    
   3700.000       2.692322     -0.4371844    
   3705.000       2.679073     -0.4356508    
   3710.000       2.666029     -0.4341165    
   3715.000       2.653169     -0.4325830    
   3720.000       2.640494     -0.4310490    
   3725.000       2.628000     -0.4295138    
   3730.000       2.615686     -0.4279805    
   3735.000       2.603543     -0.4264465    
   3740.000       2.591574     -0.4249125    
   3745.000       2.579768     -0.4233788    
   3750.000       2.568135     -0.4218449    
   3755.000       2.556664     -0.4203109    
   3760.000       2.545342     -0.4187767    
   3765.000       2.534181     -0.4172427    
   3770.000       2.523169     -0.4157089    
   3775.000       2.512308     -0.4141746    
   3780.000       2.501592     -0.4126408    
   3785.000       2.491016     -0.4111067    
   3790.000       2.480590     -0.4095725    
   3795.000       2.470297     -0.4080391    
   3800.000       2.460137     -0.4065042    
   3805.000       2.450100     -0.4049728    
   3810.000       2.440222     -0.4034368    
   3815.000       2.430454     -0.4019030    
   3820.000       2.420813     -0.4003685    
   3825.000       2.411303     -0.3988349    
   3830.000       2.401907     -0.3973012    
   3835.000       2.392632     -0.3957672    
   3840.000       2.383475     -0.3942328    
   3845.000       2.374429     -0.3926991    
   3850.000       2.365506     -0.3911648    
   3855.000       2.356689     -0.3896310    
   3860.000       2.347983     -0.3880974    
   3865.000       2.339380     -0.3865632    
   3870.000       2.330887     -0.3850292    
   3875.000       2.322502     -0.3834958    
   3880.000       2.314211     -0.3819610    
   3885.000       2.306013     -0.3804244    
   3890.000       2.297937     -0.3788950    
   3895.000       2.289946     -0.3773592    
   3900.000       2.282052     -0.3758249    
   3905.000       2.274254     -0.3742912    
   3910.000       2.266544     -0.3727572    
   3915.000       2.258932     -0.3712231    
   3920.000       2.251401     -0.3696893    
   3925.000       2.243960     -0.3681554    
   3930.000       2.236614     -0.3666216    
   3935.000       2.229352     -0.3650877    
   3940.000       2.222168     -0.3635535    
   3945.000       2.215068     -0.3620194    
   3950.000       2.208057     -0.3604856    
   3955.000       2.201121     -0.3589517    
   3960.000       2.194269     -0.3574165    
   3965.000       2.187500     -0.3558793    
   3970.000       2.180793     -0.3543495    
   3975.000       2.174165     -0.3528147    
   3980.000       2.167616     -0.3512810    
   3985.000       2.161147     -0.3497477    
   3990.000       2.154736     -0.3482132    
   3995.000       2.148407     -0.3466796    
   4000.000       2.142148     -0.3451453    
   4005.000       2.135954     -0.3436116    
   4010.000       2.129834     -0.3420778    
   4015.000       2.123782     -0.3405432    
   4020.000       2.117786     -0.3390097    
   4025.000       2.111868     -0.3374755    
   4030.000       2.106009     -0.3359421    
   4035.000       2.100217     -0.3344075    
   4040.000       2.094479     -0.3328743    
   4045.000       2.088809     -0.3313373    
   4050.000       2.083204     -0.3298058    
   4055.000       2.077663     -0.3282724    
   4060.000       2.072173     -0.3267381    
   4065.000       2.066745     -0.3252039    
   4070.000       2.061376     -0.3236696    
   4075.000       2.056066     -0.3221357    
   4080.000       2.050809     -0.3206020    
   4085.000       2.045611     -0.3190678    
   4090.000       2.040462     -0.3175336    
   4095.000       2.035370     -0.3160007    
   4100.000       2.030338     -0.3144659    
   4105.000       2.025347     -0.3129319    
   4110.000       2.020423     -0.3113986    
   4115.000       2.015548     -0.3098637    
   4120.000       2.010716     -0.3083310    
   4125.000       2.005956     -0.3067928    
   4130.000       2.001212     -0.3052642    
   4135.000       1.996535     -0.3037287    
   4140.000       1.991903     -0.3021942    
   4145.000       1.987321     -0.3006605    
   4150.000       1.982790     -0.2991260    
   4155.000       1.978305     -0.2975924    
   4160.000       1.973864     -0.2960581    
   4165.000       1.969467     -0.2945243    
   4170.000       1.965117     -0.2929903    
   4175.000       1.960817     -0.2914564    
   4180.000       1.956554     -0.2899223    
   4185.000       1.952333     -0.2883882    
   4190.000       1.948165     -0.2868542    
   4195.000       1.944036     -0.2853207    
   4200.000       1.939948     -0.2837869    
   4205.000       1.935925     -0.2822570    
   4210.000       1.931892     -0.2807188    
   4215.000       1.927935     -0.2791846    
   4220.000       1.924009     -0.2776501    
   4225.000       1.920123     -0.2761163    
   4230.000       1.916277     -0.2745826    
   4235.000       1.912482     -0.2730483    
   4240.000       1.908707     -0.2715146    
   4245.000       1.904986     -0.2699804    
   4250.000       1.901293     -0.2684463    
   4255.000       1.897641     -0.2669128    
   4260.000       1.894023     -0.2653790    
   4265.000       1.890441     -0.2638444    
   4270.000       1.886903     -0.2623107    
   4275.000       1.883394     -0.2607770    
   4280.000       1.879924     -0.2592432    
   4285.000       1.876471     -0.2577057    
   4290.000       1.873103     -0.2561727    
   4295.000       1.869719     -0.2546405    
   4300.000       1.866387     -0.2531059    
   4305.000       1.863087     -0.2515726    
   4310.000       1.859829     -0.2500384    
   4315.000       1.856597     -0.2485050    
   4320.000       1.853394     -0.2469706    
   4325.000       1.850223     -0.2454372    
   4330.000       1.847095     -0.2439028    
   4335.000       1.843991     -0.2423695    
   4340.000       1.840920     -0.2408358    
   4345.000       1.837882     -0.2393004    
   4350.000       1.834872     -0.2377674    
   4355.000       1.831894     -0.2362323    
   4360.000       1.828947     -0.2346985    
   4365.000       1.826034     -0.2331622    
   4370.000       1.823141     -0.2316311    
   4375.000       1.820284     -0.2300975    
   4380.000       1.817456     -0.2285633    
   4385.000       1.814661     -0.2270291    
   4390.000       1.811885     -0.2254951    
   4395.000       1.809143     -0.2239608    
   4400.000       1.806428     -0.2224279    
   4405.000       1.803744     -0.2208934    
   4410.000       1.801080     -0.2193592    
   4415.000       1.798451     -0.2178255    
   4420.000       1.795848     -0.2162912    
   4425.000       1.793275     -0.2147573    
   4430.000       1.790723     -0.2132237    
   4435.000       1.788200     -0.2116897    
   4440.000       1.785701     -0.2101567    
   4445.000       1.783236     -0.2086174    
   4450.000       1.780788     -0.2070866    
   4455.000       1.778372     -0.2055525    
   4460.000       1.775975     -0.2040193    
   4465.000       1.773608     -0.2024853    
   4470.000       1.771265     -0.2009515    
   4475.000       1.768947     -0.1994173    
   4480.000       1.766653     -0.1978824    
   4485.000       1.764397     -0.1963496    
   4490.000       1.762142     -0.1948146    
   4495.000       1.759923     -0.1932815    
   4500.000       1.757728     -0.1917479    
   4505.000       1.755561     -0.1902139    
   4510.000       1.753404     -0.1886809    
   4515.000       1.751274     -0.1871460    
   4520.000       1.749179     -0.1856127    
   4525.000       1.747088     -0.1840694    
   4530.000       1.745041     -0.1825433    
   4535.000       1.743010     -0.1810095    
   4540.000       1.740999     -0.1794758    
   4545.000       1.739009     -0.1779420    
   4550.000       1.737043     -0.1764072    
   4555.000       1.735104     -0.1748741    
   4560.000       1.733184     -0.1733397    
   4565.000       1.731285     -0.1718060    
   4570.000       1.729403     -0.1702726    
   4575.000       1.727547     -0.1687381    
   4580.000       1.725711     -0.1672035    
   4585.000       1.723898     -0.1656707    
   4590.000       1.722103     -0.1641360    
   4595.000       1.720335     -0.1626021    
   4600.000       1.718579     -0.1610691    
   4605.000       1.716857     -0.1595333    
   4610.000       1.715138     -0.1580009    
   4615.000       1.713455     -0.1564655    
   4620.000       1.711784     -0.1549328    
   4625.000       1.710139     -0.1533982    
   4630.000       1.708505     -0.1518651    
   4635.000       1.706897     -0.1503302    
   4640.000       1.705307     -0.1487960    
   4645.000       1.703731     -0.1472632    
   4650.000       1.702186     -0.1457276    
   4655.000       1.700652     -0.1441939    
   4660.000       1.699146     -0.1426618    
   4665.000       1.697652     -0.1411264    
   4670.000       1.696178     -0.1395926    
   4675.000       1.694730     -0.1380618    
   4680.000       1.693296     -0.1365292    
   4685.000       1.691872     -0.1349762    
   4690.000       1.690478     -0.1334525    
   4695.000       1.689097     -0.1319184    
   4700.000       1.687741     -0.1303865    
   4705.000       1.686391     -0.1288537    
   4710.000       1.685075     -0.1273194    
   4715.000       1.683766     -0.1257855    
   4720.000       1.682486     -0.1242520    
   4725.000       1.681209     -0.1227187    
   4730.000       1.679964     -0.1211839    
   4735.000       1.678726     -0.1196504    
   4740.000       1.677514     -0.1181159    
   4745.000       1.676312     -0.1165829    
   4750.000       1.675137     -0.1150483    
   4755.000       1.673973     -0.1135143    
   4760.000       1.672829     -0.1119792    
   4765.000       1.671703     -0.1104345    
   4770.000       1.670590     -0.1089125    
   4775.000       1.669502     -0.1073772    
   4780.000       1.668421     -0.1058443    
   4785.000       1.667360     -0.1043104    
   4790.000       1.666319     -0.1027771    
   4795.000       1.665292     -0.1012421    
   4800.000       1.664286     -9.9708833E-02
   4805.000       1.663302     -9.8174721E-02
   4810.000       1.662321     -9.6641093E-02
   4815.000       1.661362     -9.5106408E-02
   4820.000       1.660422     -9.3572676E-02
   4825.000       1.659492     -9.2038564E-02
   4830.000       1.658587     -9.0504974E-02
   4835.000       1.657694     -8.8971883E-02
   4840.000       1.656822     -8.7437108E-02
   4845.000       1.655942     -8.5902467E-02
   4850.000       1.655114     -8.4368095E-02
   4855.000       1.654290     -8.2835756E-02
   4860.000       1.653477     -8.1300251E-02
   4865.000       1.652683     -7.9767041E-02
   4870.000       1.651905     -7.8232728E-02
   4875.000       1.651141     -7.6698914E-02
   4880.000       1.650395     -7.5164363E-02
   4885.000       1.649659     -7.3631071E-02
   4890.000       1.648948     -7.2097398E-02
   4895.000       1.648248     -7.0563018E-02
   4900.000       1.647564     -6.9029093E-02
   4905.000       1.646899     -6.7494862E-02
   4910.000       1.646240     -6.5961212E-02
   4915.000       1.645606     -6.4427346E-02
   4920.000       1.644988     -6.2894098E-02
   4925.000       1.644368     -6.1355896E-02
   4930.000       1.643791     -5.9823774E-02
   4935.000       1.643213     -5.8290344E-02
   4940.000       1.642654     -5.6757048E-02
   4945.000       1.642107     -5.5223223E-02
   4950.000       1.641580     -5.3689286E-02
   4955.000       1.641067     -5.2154776E-02
   4960.000       1.640567     -5.0620925E-02
   4965.000       1.640092     -4.9087580E-02
   4970.000       1.639617     -4.7552641E-02
   4975.000       1.639159     -4.6019033E-02
   4980.000       1.638725     -4.4485640E-02
   4985.000       1.638297     -4.2950820E-02
   4990.000       1.637896     -4.1417904E-02
   4995.000       1.637504     -3.9882686E-02
   5000.000       1.637124     -3.8347710E-02
   5005.000       1.636755     -3.6811661E-02
   5010.000       1.636418     -3.5281491E-02
   5015.000       1.636083     -3.3747911E-02
   5020.000       1.635762     -3.2213666E-02
   5025.000       1.635462     -3.0679520E-02
   5030.000       1.635174     -2.9145502E-02
   5035.000       1.634898     -2.7611509E-02
   5040.000       1.634642     -2.6077144E-02
   5045.000       1.634395     -2.4543727E-02
   5050.000       1.634168     -2.3009790E-02
   5055.000       1.633955     -2.1475488E-02
   5060.000       1.633757     -1.9942082E-02
   5065.000       1.633568     -1.8407697E-02
   5070.000       1.633403     -1.6873328E-02
   5075.000       1.633244     -1.5339406E-02
   5080.000       1.633107     -1.3805730E-02
   5085.000       1.632984     -1.2271468E-02
   5090.000       1.632873     -1.0738713E-02
   5095.000       1.632777     -9.2033483E-03
   5100.000       1.632697     -7.6694712E-03
   5105.000       1.632633     -6.1353659E-03
   5110.000       1.632575     -4.6015019E-03
   5115.000       1.632543     -3.0676741E-03
   5120.000       1.632519     -1.5335658E-03
   5125.000       1.632508      0.0000000E+00
