  0.0000000E+00  6.0133632E-05
  9.7703960E-05  0.2444186    
  1.9540792E-04  0.4825932    
  2.9311187E-04  0.7078876    
  3.9081584E-04  0.9149820    
  4.8851978E-04   1.098198    
  5.8622373E-04   1.253590    
  6.8392768E-04   1.377166    
  7.8163168E-04   1.466923    
  8.7933562E-04   1.521001    
  9.7703957E-04   1.539649    
  1.0747436E-03   1.523297    
  1.1724475E-03   1.474450    
  1.2701515E-03   1.395687    
  1.3678554E-03   1.291477    
  1.4655594E-03   1.166113    
  1.5632634E-03   1.025475    
  1.6609672E-03  0.8749120    
  1.7586712E-03  0.7209702    
  1.8563751E-03  0.5692584    
  1.9540791E-03  0.4261613    
  2.0517830E-03  0.2967163    
  2.1494871E-03  0.1863446    
  2.2471910E-03  9.8760478E-02
  2.3448949E-03  3.7750538E-02
  2.4425990E-03  5.1373765E-03
  2.5403029E-03  2.6236374E-03
  2.6380068E-03  2.9827802E-02
  2.7357107E-03  8.6203270E-02
  2.8334148E-03  0.1691499    
  2.9311187E-03  0.2760117    
  3.0288226E-03  0.4022580    
  3.1265267E-03  0.5435486    
  3.2242306E-03  0.6939724    
  3.3219345E-03  0.8481597    
  3.4196386E-03  0.9995566    
  3.5173425E-03   1.142561    
  3.6150464E-03   1.270802    
  3.7127503E-03   1.379278    
  3.8104544E-03   1.462608    
  3.9081583E-03   1.517137    
  4.0058624E-03   1.539154    
  4.1035661E-03   1.526928    
  4.2012702E-03   1.478867    
  4.2989743E-03   1.395485    
  4.3966779E-03   1.277480    
  4.4943821E-03   1.127628    
  4.5920862E-03  0.9487879    
  4.6897898E-03  0.7457148    
  4.7874940E-03  0.5230035    
  4.8851981E-03  0.2868416    
  4.9829017E-03  4.2906556E-02
  5.0806059E-03 -0.2019190    
  5.1783095E-03 -0.4416746    
  5.2760136E-03 -0.6696143    
  5.3737178E-03 -0.8803301    
  5.4714214E-03  -1.068026    
  5.5691255E-03  -1.228610    
  5.6668296E-03  -1.357921    
  5.7645333E-03  -1.453771    
  5.8622374E-03  -1.514100    
  5.9599415E-03  -1.538957    
  6.0576452E-03  -1.528571    
  6.1553493E-03  -1.485261    
  6.2530534E-03  -1.411427    
  6.3507571E-03  -1.311388    
  6.4484612E-03  -1.189310    
  6.5461653E-03  -1.050976    
  6.6438690E-03 -0.9016739    
  6.7415731E-03 -0.7479237    
  6.8392772E-03 -0.5953453    
  6.9369809E-03 -0.4503711    
  7.0346850E-03 -0.3181194    
  7.1323887E-03 -0.2041261    
  7.2300928E-03 -0.1122465    
  7.3277969E-03 -4.6432454E-02
  7.4255005E-03 -8.6884126E-03
  7.5232047E-03 -9.1032189E-04
  7.6209088E-03 -2.2914279E-02
  7.7186124E-03 -7.4349359E-02
  7.8163166E-03 -0.1528030    
  7.9140207E-03 -0.2557898    
  8.0117248E-03 -0.3789304    
  8.1094280E-03 -0.5180073    
  8.2071321E-03 -0.6672036    
  8.3048362E-03 -0.8212087    
  8.4025403E-03 -0.9734938    
  8.5002445E-03  -1.118441    
  8.5979486E-03  -1.249635    
  8.6956518E-03  -1.361984    
  8.7933559E-03  -1.449994    
  8.8910600E-03  -1.509866    
  8.9887641E-03  -1.537721    
  9.0864683E-03  -1.531641    
  9.1841724E-03  -1.489840    
  9.2818756E-03  -1.412628    
  9.3795797E-03  -1.300505    
  9.4772838E-03  -1.156056    
  9.5749879E-03 -0.9819627    
  9.6726920E-03 -0.7828268    
  9.7703962E-03 -0.5631135    
  9.8680994E-03 -0.3289131    
  9.9658035E-03 -8.5838363E-02
  1.0063508E-02  0.1592556    
  1.0161212E-02  0.4004006    
  1.0258916E-02  0.6308038    
  1.0356619E-02  0.8449785    
  1.0454323E-02   1.037014    
  1.0552027E-02   1.202677    
  1.0649731E-02   1.337642    
  1.0747436E-02   1.439535    
  1.0845140E-02   1.506103    
  1.0942843E-02   1.537189    
  1.1040547E-02   1.532828    
  1.1138251E-02   1.495141    
  1.1235955E-02   1.426356    
  1.1333659E-02   1.330630    
  1.1431363E-02   1.212001    
  1.1529067E-02   1.076148    
  1.1626771E-02  0.9282920    
  1.1724475E-02  0.7749208    
  1.1822179E-02  0.6216589    
  1.1919883E-02  0.4749790    
  1.2017586E-02  0.3400765    
  1.2115290E-02  0.2225944    
  1.2212995E-02  0.1265265    
  1.2310699E-02  5.5983953E-02
  1.2408403E-02  1.3152491E-02
  1.2506107E-02  1.1869892E-04
  1.2603810E-02  1.6897244E-02
  1.2701514E-02  6.3332967E-02
  1.2799218E-02  0.1372026    
  1.2896922E-02  0.2361948    
  1.2994627E-02  0.3560846    
  1.3092331E-02  0.4927843    
  1.3190034E-02  0.6405754    
  1.3287738E-02  0.7942131    
  1.3385442E-02  0.9471983    
  1.3483146E-02   1.093908    
  1.3580850E-02   1.227881    
  1.3678554E-02   1.343950    
  1.3776258E-02   1.436509    
  1.3873962E-02   1.501620    
  1.3971666E-02   1.535238    
  1.4069370E-02   1.535265    
  1.4167074E-02   1.499718    
  1.4264777E-02   1.428706    
  1.4362481E-02   1.322530    
  1.4460186E-02   1.183580    
  1.4557890E-02   1.014361    
  1.4655594E-02  0.8193140    
  1.4753298E-02  0.6027711    
  1.4851001E-02  0.3707196    
  1.4948705E-02  0.1287012    
  1.5046409E-02 -0.1164638    
  1.5144113E-02 -0.3588041    
  1.5241818E-02 -0.5914883    
  1.5339522E-02 -0.8089549    
  1.5437225E-02  -1.005185    
  1.5534929E-02  -1.175809    
  1.5632633E-02  -1.316339    
  1.5730336E-02  -1.424221    
  1.5828041E-02  -1.497007    
  1.5925745E-02  -1.534341    
  1.6023450E-02  -1.536054    
  1.6121153E-02  -1.504075    
  1.6218856E-02  -1.440450    
  1.6316561E-02  -1.349177    
  1.6414264E-02  -1.234155    
  1.6511969E-02  -1.100958    
  1.6609672E-02 -0.9547330    
  1.6707378E-02 -0.8019291    
  1.6805081E-02 -0.6481673    
  1.6902784E-02 -0.4999568    
  1.7000489E-02 -0.3625609    
  1.7098192E-02 -0.2417281    
  1.7195897E-02 -0.1415824    
  1.7293600E-02 -6.6394642E-02
  1.7391304E-02 -1.8524431E-02
  1.7489009E-02 -2.5070712E-04
  1.7586712E-02 -1.1783955E-02
  1.7684417E-02 -5.3166945E-02
  1.7782120E-02 -0.1223667    
  1.7879823E-02 -0.2172490    
  1.7977528E-02 -0.3337481    
  1.8075231E-02 -0.4679093    
  1.8172937E-02 -0.6141197    
  1.8270640E-02 -0.7672049    
  1.8368345E-02 -0.9207034    
  1.8466048E-02  -1.068991    
  1.8563751E-02  -1.205572    
  1.8661456E-02  -1.325202    
  1.8759159E-02  -1.422175    
  1.8856864E-02  -1.492414    
  1.8954568E-02  -1.531717    
  1.9052271E-02  -1.537804    
  1.9149976E-02  -1.508500    
  1.9247679E-02  -1.443712    
  1.9345384E-02  -1.343541    
  1.9443087E-02  -1.210183    
  1.9540792E-02  -1.045959    
  1.9638496E-02 -0.8551486    
  1.9736199E-02 -0.6419454    
  1.9833904E-02 -0.4122275    
  1.9931607E-02 -0.1714598    
  2.0029312E-02  7.3577933E-02
  2.0127015E-02  0.3169191    
  2.0224718E-02  0.5516981    
  2.0322423E-02  0.7722862    
  2.0420127E-02  0.9725624    
  2.0517832E-02   1.148025    
  2.0615535E-02   1.294027    
  2.0713238E-02   1.407838    
  2.0810943E-02   1.486817    
  2.0908646E-02   1.530407    
  2.1006351E-02   1.538238    
  2.1104055E-02   1.512044    
  2.1201760E-02   1.453688    
  2.1299463E-02   1.367002    
  2.1397166E-02   1.255744    
  2.1494871E-02   1.125377    
  2.1592574E-02  0.9809656    
  2.1690279E-02  0.8289149    
  2.1787982E-02  0.6748392    
  2.1885686E-02  0.5252734    
  2.1983391E-02  0.3855476    
  2.2081094E-02  0.2615046    
  2.2178799E-02  0.1573984    
  2.2276502E-02  7.7651516E-02
  2.2374205E-02  2.4798455E-02
  2.2471910E-02  1.3058580E-03
  2.2569614E-02  7.5803860E-03
  2.2667319E-02  4.3862764E-02
  2.2765022E-02  0.1083118    
  2.2862727E-02  0.1989746    
  2.2960430E-02  0.3119465    
  2.3058133E-02  0.4434121    
  2.3155838E-02  0.5878672    
  2.3253541E-02  0.7402169    
  2.3351246E-02  0.8940405    
  2.3448950E-02   1.043722    
  2.3546653E-02   1.182732    
  2.3644358E-02   1.305766    
  2.3742061E-02   1.407012    
  2.3839766E-02   1.482266    
  2.3937469E-02   1.527168    
  2.4035173E-02   1.539264    
  2.4132878E-02   1.516184    
  2.4230581E-02   1.457639    
  2.4328286E-02   1.363526    
  2.4425989E-02   1.235845    
  2.4523694E-02   1.076733    
  2.4621397E-02  0.8903034    
  2.4719100E-02  0.6806051    
  2.4816805E-02  0.4534031    
  2.4914509E-02  0.2140797    
  2.5012214E-02 -3.0632457E-02
  2.5109917E-02 -0.2747772    
  2.5207620E-02 -0.5114649    
  2.5305325E-02 -0.7350011    
  2.5403028E-02 -0.9391703    
  2.5500733E-02  -1.119343    
  2.5598437E-02  -1.270720    
  2.5696140E-02  -1.390392    
  2.5793845E-02  -1.475532    
  2.5891548E-02  -1.525381    
  2.5989253E-02  -1.539370    
  2.6086956E-02  -1.519033    
  2.6184661E-02  -1.466048    
  2.6282365E-02  -1.384080    
  2.6380068E-02  -1.276739    
  2.6477773E-02  -1.149371    
  2.6575476E-02  -1.006956    
  2.6673181E-02 -0.8558469    
  2.6770884E-02 -0.7016422    
  2.6868587E-02 -0.5509008    
  2.6966292E-02 -0.4090082    
  2.7063996E-02 -0.2819012    
  2.7161701E-02 -0.1739552    
  2.7259404E-02 -8.9741997E-02
  2.7357109E-02 -3.1966962E-02
  2.7454812E-02 -3.2824848E-03
  2.7552515E-02 -4.2910050E-03
  2.7650220E-02 -3.5430890E-02
  2.7747924E-02 -9.5055126E-02
  2.7845629E-02 -0.1813928    
  2.7943332E-02 -0.2907062    
  2.8041035E-02 -0.4193211    
  2.8138740E-02 -0.5618505    
  2.8236443E-02 -0.7132816    
  2.8334148E-02 -0.8672441    
  2.8431851E-02  -1.018133    
  2.8529555E-02  -1.159397    
  2.8627260E-02  -1.285668    
  2.8724963E-02  -1.391044    
  2.8822668E-02  -1.471193    
  2.8920371E-02  -1.521605    
  2.9018076E-02  -1.539650    
  2.9115779E-02  -1.522773    
  2.9213483E-02  -1.470481    
  2.9311188E-02  -1.382473    
  2.9408891E-02  -1.260549    
  2.9506596E-02  -1.106661    
  2.9604299E-02 -0.9247503    
  2.9702002E-02 -0.7187199    
  2.9799707E-02 -0.4942144    
  2.9897410E-02 -0.2565268    
  2.9995115E-02 -1.2337769E-02
  3.0092819E-02  0.2324150    
  3.0190522E-02  0.4708201    
  3.0288227E-02  0.6971292    
  3.0385930E-02  0.9050342    
  3.0483635E-02   1.089784    
  3.0581338E-02   1.246430    
  3.0679043E-02   1.371894    
  3.0776747E-02   1.463156    
  3.0874450E-02   1.519262    
  3.0972155E-02   1.539440    
  3.1069858E-02   1.525027    
  3.1167563E-02   1.477512    
  3.1265266E-02   1.400385    
  3.1362969E-02   1.297112    
  3.1460673E-02   1.172911    
  3.1558380E-02   1.032672    
  3.1656083E-02  0.8826913    
  3.1753786E-02  0.7285447    
  3.1851489E-02  0.5768070    
  3.1949192E-02  0.4329160    
  3.2046899E-02  0.3028935    
  3.2144602E-02  0.1912335    
  3.2242306E-02  0.1026518    
  3.2340009E-02  4.0021483E-02
  3.2437712E-02  6.1787125E-03
  3.2535419E-02  1.9200797E-03
  3.2633122E-02  2.7881706E-02
  3.2730825E-02  8.2611442E-02
  3.2828528E-02  0.1645245    
  3.2926235E-02  0.2700512    
  3.3023939E-02  0.3956658    
  3.3121642E-02  0.5361004    
  3.3219345E-02  0.6864321    
  3.3317048E-02  0.8403456    
  3.3414755E-02  0.9922562    
  3.3512458E-02   1.135593    
  3.3610161E-02   1.264937    
  3.3707865E-02   1.374293    
  3.3805568E-02   1.459214    
  3.3903275E-02   1.515040    
  3.4000978E-02   1.538972    
  3.4098681E-02   1.528266    
  3.4196384E-02   1.482234    
  3.4294087E-02   1.400371    
  3.4391794E-02   1.284279    
  3.4489498E-02   1.135721    
  3.4587201E-02  0.9584646    
  3.4684904E-02  0.7562603    
  3.4782607E-02  0.5346279    
  3.4880314E-02  0.2987670    
  3.4978017E-02  5.5297930E-02
  3.5075720E-02 -0.1898646    
  3.5173424E-02 -0.4297967    
  3.5271127E-02 -0.6586988    
  3.5368834E-02 -0.8701796    
  3.5466537E-02  -1.059370    
  3.5564240E-02  -1.221176    
  3.5661943E-02  -1.352352    
  3.5759646E-02  -1.449694    
  3.5857353E-02  -1.512048    
  3.5955057E-02  -1.538441    
  3.6052760E-02  -1.530012    
  3.6150463E-02  -1.488059    
  3.6248170E-02  -1.415897    
  3.6345873E-02  -1.316835    
  3.6443576E-02  -1.195966    
  3.6541279E-02  -1.058083    
  3.6638983E-02 -0.9094154    
  3.6736690E-02 -0.7555138    
  3.6834393E-02 -0.6029620    
  3.6932096E-02 -0.4572422    
  3.7029799E-02 -0.3244578    
  3.7127502E-02 -0.2092134    
  3.7225209E-02 -0.1163667    
  3.7322912E-02 -4.8952859E-02
  3.7420616E-02 -9.9910377E-03
  3.7518319E-02 -4.6956327E-04
  3.7616022E-02 -2.1223398E-02
  3.7713729E-02 -7.0995592E-02
  3.7811432E-02 -0.1483891    
  3.7909135E-02 -0.2500063    
  3.8006838E-02 -0.3724727    
  3.8104542E-02 -0.5106468    
  3.8202249E-02 -0.6597001    
  3.8299952E-02 -0.8133788    
  3.8397655E-02 -0.9661233    
  3.8495358E-02  -1.111353    
  3.8593061E-02  -1.243598    
  3.8690768E-02  -1.356785    
  3.8788471E-02  -1.446350    
  3.8886175E-02  -1.507489    
  3.8983878E-02  -1.537238    
  3.9081585E-02  -1.532668    
  3.9179288E-02  -1.492894    
  3.9276991E-02  -1.417210    
  3.9374694E-02  -1.307020    
  3.9472397E-02  -1.163892    
  3.9570104E-02 -0.9914197    
  3.9667808E-02 -0.7931964    
  3.9765511E-02 -0.5746118    
  3.9863214E-02 -0.3407662    
  3.9960917E-02 -9.8213896E-02
  4.0058624E-02  0.1471612    
  4.0156327E-02  0.3884271    
  4.0254030E-02  0.6197413    
  4.0351734E-02  0.8346334    
  4.0449437E-02   1.028123    
  4.0547144E-02   1.194975    
  4.0644847E-02   1.331779    
  4.0742550E-02   1.435149    
  4.0840253E-02   1.503736    
  4.0937956E-02   1.536366    
  4.1035663E-02   1.533976    
  4.1133367E-02   1.497671    
  4.1231070E-02   1.430589    
  4.1328773E-02   1.335882    
  4.1426476E-02   1.218507    
  4.1524183E-02   1.083154    
  4.1621886E-02  0.9359858    
  4.1719589E-02  0.7825177    
  4.1817293E-02  0.6293343    
  4.1914996E-02  0.4819593    
  4.2012703E-02  0.3465678    
  4.2110406E-02  0.2278741    
  4.2208109E-02  0.1308695    
  4.2305812E-02  5.8751423E-02
  4.2403519E-02  1.4714976E-02
  4.2501222E-02 -5.7888796E-05
  4.2598926E-02  1.5463968E-02
  4.2696629E-02  6.0221065E-02
  4.2794332E-02  0.1330054    
  4.2892039E-02  0.2305943    
  4.2989742E-02  0.3497699    
  4.3087445E-02  0.4855200    
  4.3185148E-02  0.6331180    
  4.3282852E-02  0.7863761    
  4.3380558E-02  0.9397677    
  4.3478262E-02   1.086706    
  4.3575965E-02   1.221683    
  4.3673668E-02   1.338545    
  4.3771371E-02   1.432620    
  4.3869078E-02   1.498966    
  4.3966781E-02   1.534458    
  4.4064485E-02   1.535981    
  4.4162188E-02   1.502459    
  4.4259891E-02   1.432983    
  4.4357598E-02   1.328757    
  4.4455301E-02   1.191156    
  4.4553004E-02   1.023592    
  4.4650707E-02  0.8295001    
  4.4748411E-02  0.6141347    
  4.4846117E-02  0.3824909    
  4.4943821E-02  0.1410503    
  4.5041524E-02 -0.1043390    
  4.5139227E-02 -0.3467451    
  4.5236930E-02 -0.5802870    
  4.5334637E-02 -0.7984225    
  4.5432340E-02 -0.9960644    
  4.5530044E-02  -1.167844    
  4.5627747E-02  -1.310187    
  4.5725454E-02  -1.419529    
  4.5823157E-02  -1.494328    
  4.5920860E-02  -1.533208    
  4.6018563E-02  -1.536905    
  4.6116266E-02  -1.506331    
  4.6213973E-02  -1.444441    
  4.6311677E-02  -1.354224    
  4.6409380E-02  -1.240503    
  4.6507083E-02  -1.107856    
  4.6604786E-02 -0.9623711    
  4.6702493E-02 -0.8095224    
  4.6800196E-02 -0.6558928    
  4.6897899E-02 -0.5070361    
  4.6995603E-02 -0.3691990    
  4.7093306E-02 -0.2471937    
  4.7191013E-02 -0.1461449    
  4.7288716E-02 -6.9404863E-02
  4.7386419E-02 -2.0345559E-02
  4.7484122E-02 -3.3803654E-04
  4.7581825E-02 -1.0610154E-02
  4.7679532E-02 -5.0300095E-02
  4.7777236E-02 -0.1183905    
  4.7874939E-02 -0.2118381    
  4.7972642E-02 -0.3275833    
  4.8070345E-02 -0.4607501    
  4.8168052E-02 -0.6067166    
  4.8265755E-02 -0.7593704    
  4.8363458E-02 -0.9132209    
  4.8461162E-02  -1.061685    
  4.8558868E-02  -1.199218    
  4.8656572E-02  -1.319598    
  4.8754275E-02  -1.418046    
  4.8851978E-02  -1.489490    
  4.8949681E-02  -1.530641    
  4.9047388E-02  -1.538211    
  4.9145091E-02  -1.510927    
  4.9242795E-02  -1.447681    
  4.9340498E-02  -1.349476    
  4.9438201E-02  -1.217491    
  4.9535908E-02  -1.054957    
  4.9633611E-02 -0.8651435    
  4.9731314E-02 -0.6531650    
  4.9829017E-02 -0.4239070    
  4.9926721E-02 -0.1837726    
  5.0024427E-02  6.1432477E-02
  5.0122131E-02  0.3047824    
  5.0219834E-02  0.5403669    
  5.0317537E-02  0.7615746    
  5.0415240E-02  0.9632192    
  5.0512947E-02   1.139801    
  5.0610650E-02   1.287590    
  5.0708354E-02   1.402841    
  5.0806057E-02   1.483824    
  5.0903760E-02   1.528961    
  5.1001467E-02   1.538789    
  5.1099170E-02   1.514022    
  5.1196873E-02   1.457430    
  5.1294576E-02   1.371838    
  5.1392280E-02   1.261925    
  5.1489986E-02   1.132156    
  5.1587690E-02  0.9885373    
  5.1685393E-02  0.8364968    
  5.1783096E-02  0.6826053    
  5.1880803E-02  0.5324453    
  5.1978506E-02  0.3923234    
  5.2076209E-02  0.2671499    
  5.2173913E-02  0.1621744    
  5.2271616E-02  8.0901325E-02
  5.2369323E-02  2.6875909E-02
  5.2467026E-02  1.6564153E-03
  5.2564729E-02  6.6671842E-03
  5.2662432E-02  4.1243859E-02
  5.2760135E-02  0.1045623    
  5.2857842E-02  0.1937593    
  5.2955545E-02  0.3059399    
  5.3053249E-02  0.4363659    
  5.3150952E-02  0.5805287    
  5.3248655E-02  0.7323938    
  5.3346362E-02  0.8865170    
  5.3444065E-02   1.036322    
  5.3541768E-02   1.176235    
  5.3639472E-02   1.299970    
  5.3737175E-02   1.402651    
  5.3834882E-02   1.479075    
  5.3932585E-02   1.525802    
  5.4030288E-02   1.539363    
  5.4127991E-02   1.518299    
  5.4225694E-02   1.461299    
  5.4323401E-02   1.369166    
  5.4421104E-02   1.242881    
  5.4518808E-02   1.085491    
  5.4616511E-02  0.9000983    
  5.4714218E-02  0.6916720    
  5.4811921E-02  0.4649822    
  5.4909624E-02  0.2263466    
  5.5007327E-02 -1.8476402E-02
  5.5105031E-02 -0.2625750    
  5.5202737E-02 -0.5000126    
  5.5300441E-02 -0.7241192    
  5.5398144E-02 -0.9296123    
  5.5495847E-02  -1.110866    
  5.5593550E-02  -1.263999    
  5.5691257E-02  -1.385094    
  5.5788960E-02  -1.472227    
  5.5886663E-02  -1.523624    
  5.5984367E-02  -1.539619    
  5.6082070E-02  -1.520728    
  5.6179777E-02  -1.469537    
  5.6277480E-02  -1.388698    
  5.6375183E-02  -1.282745    
  5.6472886E-02  -1.156024    
  5.6570590E-02  -1.014453    
  5.6668296E-02 -0.8634070    
  5.6766000E-02 -0.7094403    
  5.6863703E-02 -0.5581551    
  5.6961406E-02 -0.4159149    
  5.7059109E-02 -0.2877189    
  5.7156816E-02 -0.1789392    
  5.7254519E-02 -9.3227185E-02
  5.7352223E-02 -3.4298282E-02
  5.7449926E-02 -3.8961323E-03
  5.7547629E-02 -3.6400666E-03
  5.7645336E-02 -3.3063449E-02
  5.7743039E-02 -9.1536157E-02
  5.7840742E-02 -0.1763795    
  5.7938445E-02 -0.2848640    
  5.8036152E-02 -0.4123970    
  5.8133855E-02 -0.5545851    
  5.8231559E-02 -0.7054800    
  5.8329262E-02 -0.8596877    
  5.8426965E-02  -1.010647    
  5.8524672E-02  -1.152762    
  5.8622375E-02  -1.279688    
  5.8720078E-02  -1.386456    
  5.8817782E-02  -1.467742    
  5.8915485E-02  -1.519951    
  5.9013192E-02  -1.539445    
  5.9110895E-02  -1.524574    
  5.9208598E-02  -1.473830    
  5.9306301E-02  -1.387814    
  5.9404004E-02  -1.267309    
  5.9501711E-02  -1.115173    
  5.9599414E-02 -0.9343387    
  5.9697118E-02 -0.7296260    
  5.9794821E-02 -0.5056828    
  5.9892524E-02 -0.2687381    
  5.9990231E-02 -2.4494370E-02
  6.0087934E-02  0.2201551    
  6.0185637E-02  0.4592566    
  6.0283341E-02  0.6860842    
  6.0381044E-02  0.8952681    
  6.0478751E-02   1.081061    
  6.0576454E-02   1.239433    
  6.0674157E-02   1.366296    
  6.0771860E-02   1.459541    
  6.0869563E-02   1.517193    
  6.0967270E-02   1.539384    
  6.1064973E-02   1.526435    
  6.1162677E-02   1.480740    
  6.1260380E-02   1.404780    
  6.1358087E-02   1.302935    
  6.1455790E-02   1.179429    
  6.1553493E-02   1.040086    
  6.1651196E-02  0.8902203    
  6.1748900E-02  0.7363648    
  6.1846606E-02  0.5841357    
  6.1944310E-02  0.4399448    
  6.2042013E-02  0.3088775    
  6.2139716E-02  0.1964200    
  6.2237419E-02  0.1063690    
  6.2335126E-02  4.2604286E-02
  6.2432829E-02  7.0544421E-03
  6.2530532E-02  1.5314933E-03
  6.2628239E-02  2.5767798E-02
  6.2725939E-02  7.9327680E-02
  6.2823646E-02  0.1597187    
  6.2921345E-02  0.2643811    
  6.3019052E-02  0.3888706    
  6.3116759E-02  0.5289165    
  6.3214459E-02  0.6786608    
  6.3312165E-02  0.8327666    
  6.3409865E-02  0.9846938    
  6.3507572E-02   1.128831    
  6.3605279E-02   1.258780    
  6.3702978E-02   1.369487    
  6.3800685E-02   1.455508    
  6.3898385E-02   1.513103    
  6.3996091E-02   1.538464    
  6.4093798E-02   1.529755    
  6.4191498E-02   1.485271    
  6.4289205E-02   1.405410    
  6.4386904E-02   1.290758    
  6.4484611E-02   1.143982    
  6.4582318E-02  0.9678385    
  6.4680018E-02  0.7669964    
  6.4777724E-02  0.5459768    
  6.4875424E-02  0.3109131    
  6.4973131E-02  6.7445748E-02
  6.5070838E-02 -0.1775576    
  6.5168537E-02 -0.4181308    
  6.5266244E-02 -0.6475005    
  6.5363944E-02 -0.8602133    
  6.5461650E-02  -1.050407    
  6.5559357E-02  -1.213907    
  6.5657057E-02  -1.346459    
  6.5754764E-02  -1.445768    
  6.5852471E-02  -1.509664    
  6.5950170E-02  -1.538079    
  6.6047877E-02  -1.531130    
  6.6145577E-02  -1.491022    
  6.6243283E-02  -1.420059    
  6.6340990E-02  -1.322468    
  6.6438690E-02  -1.202340    
  6.6536397E-02  -1.065402    
  6.6634096E-02 -0.9169036    
  6.6731803E-02 -0.7633476    
  6.6829510E-02 -0.6103559    
  6.6927209E-02 -0.4643863    
  6.7024916E-02 -0.3305999    
  6.7122616E-02 -0.2145967    
  6.7220323E-02 -0.1203101    
  6.7318030E-02 -5.1784936E-02
  6.7415729E-02 -1.1127611E-02
  6.7513436E-02 -3.4490993E-04
  6.7611136E-02 -1.9365629E-02
  6.7708842E-02 -6.7951024E-02
  6.7806549E-02 -0.1437964    
  6.7904249E-02 -0.2445145    
  6.8001956E-02 -0.3658150    
  6.8099655E-02 -0.5035531    
  6.8197362E-02 -0.6519686    
  6.8295069E-02 -0.8057862    
  6.8392769E-02 -0.9584944    
  6.8490475E-02  -1.104471    
  6.8588175E-02  -1.237275    
  6.8685882E-02  -1.351768    
  6.8783589E-02  -1.442394    
  6.8881288E-02  -1.505272    
  6.8978995E-02  -1.536430    
  6.9076695E-02  -1.533846    
  6.9174401E-02  -1.495619    
  6.9272108E-02  -1.421946    
  6.9369808E-02  -1.313213    
  6.9467515E-02  -1.171896    
  6.9565214E-02  -1.000572    
  6.9662921E-02 -0.8037549    
  6.9760628E-02 -0.5858324    
  6.9858328E-02 -0.3528374    
  6.9956034E-02 -0.1103423    
  7.0053734E-02  0.1348167    
  7.0151441E-02  0.3766690    
  7.0249148E-02  0.6083980    
  7.0346847E-02  0.8244742    
  7.0444554E-02   1.018924    
  7.0542254E-02   1.187438    
  7.0639960E-02   1.325594    
  7.0737667E-02   1.430916    
  7.0835367E-02   1.501040    
  7.0933074E-02   1.535694    
  7.1030773E-02   1.534799    
  7.1128480E-02   1.500363    
  7.1226187E-02   1.434514    
  7.1323887E-02   1.341315    
  7.1421593E-02   1.224728    
  7.1519293E-02   1.090371    
  7.1617000E-02  0.9434249    
  7.1714707E-02  0.7903545    
  7.1812406E-02  0.6367848    
  7.1910113E-02  0.4892083    
  7.2007820E-02  0.3528620    
  7.2105519E-02  0.2334479    
  7.2203226E-02  0.1350359    
  7.2300926E-02  6.1828647E-02
  7.2398633E-02  1.6111441E-02
  7.2496340E-02  8.1382452E-05
  7.2594039E-02  1.3864455E-02
  7.2691746E-02  5.7419140E-02
  7.2789446E-02  0.1286300    
  7.2887152E-02  0.2252876    
  7.2984859E-02  0.3432567    
  7.3082559E-02  0.4785254    
  7.3180266E-02  0.6254343    
  7.3277965E-02  0.7787793    
  7.3375672E-02  0.9320804    
  7.3473379E-02   1.079715    
  7.3571078E-02   1.215199    
  7.3668785E-02   1.333323    
  7.3766485E-02   1.428421    
  7.3864192E-02   1.496476    
  7.3961899E-02   1.533352    
  7.4059598E-02   1.536849    
  7.4157305E-02   1.504870    
  7.4255005E-02   1.437413    
  7.4352711E-02   1.334661    
  7.4450418E-02   1.198896    
  7.4548118E-02   1.032516    
  7.4645825E-02  0.8398730    
  7.4743524E-02  0.6252176    
  7.4841231E-02  0.3944770    
  7.4938938E-02  0.1531494    
  7.5036637E-02 -9.1966845E-02
  7.5134344E-02 -0.3349025    
  7.5232044E-02 -0.5688074    
  7.5329751E-02 -0.7880783    
  7.5427458E-02 -0.9866390    
  7.5525157E-02  -1.160044    
  7.5622864E-02  -1.303713    
  7.5720564E-02  -1.414990    
  7.5818270E-02  -1.491318    
  7.5915977E-02  -1.532226    
  7.6013677E-02  -1.537430    
  7.6111384E-02  -1.508748    
  7.6209083E-02  -1.448121    
  7.6306790E-02  -1.359452    
  7.6404497E-02  -1.246563    
  7.6502196E-02  -1.114962    
  7.6599903E-02 -0.9697504    
  7.6697603E-02 -0.8173544    
  7.6795310E-02 -0.6633903    
  7.6893017E-02 -0.5143839    
  7.6990716E-02 -0.3756364    
  7.7088423E-02 -0.2529518    
  7.7186123E-02 -0.1505286    
  7.7283829E-02 -7.2724320E-02
  7.7381536E-02 -2.1999778E-02
  7.7479236E-02 -7.4071944E-04
  7.7576943E-02 -9.2702042E-03
  7.7674642E-02 -4.7743872E-02
  7.7772349E-02 -0.1142385    
  7.7870056E-02 -0.2067226    
  7.7967755E-02 -0.3212230    
  7.8065462E-02 -0.4538625    
  7.8163169E-02 -0.5990911    
  7.8260869E-02 -0.7517782    
  7.8358576E-02 -0.9054859    
  7.8456275E-02  -1.054593    
  7.8553982E-02  -1.192583    
  7.8651689E-02  -1.314178    
  7.8749388E-02  -1.413610    
  7.8847095E-02  -1.486729    
  7.8944795E-02  -1.529242    
  7.9042502E-02  -1.538770    
  7.9140209E-02  -1.513025    
  7.9237908E-02  -1.451803    
  7.9335615E-02  -1.355088    
  7.9433315E-02  -1.224963    
  7.9531021E-02  -1.063646    
  7.9628728E-02 -0.8753219    
  7.9726428E-02 -0.6641014    
  7.9824135E-02 -0.4357994    
  7.9921834E-02 -0.1958329    
  8.0019541E-02  4.9042657E-02
  8.0117248E-02  0.2928673    
  8.0214947E-02  0.5287598    
  8.0312654E-02  0.7510543    
  8.0410354E-02  0.9535739    
  8.0508061E-02   1.131744    
  8.0605768E-02   1.280829    
  8.0703467E-02   1.397999    
  8.0801174E-02   1.480502    
  8.0898874E-02   1.527668    
  8.0996580E-02   1.539014    
  8.1094287E-02   1.516159    
  8.1191987E-02   1.460860    
  8.1289694E-02   1.376853    
  8.1387393E-02   1.267816    
  8.1485100E-02   1.139141    
  8.1582807E-02  0.9958490    
  8.1680506E-02  0.8443137    
  8.1778213E-02  0.6901411    
  8.1875913E-02  0.5398817    
  8.1973620E-02  0.3988974    
  8.2071327E-02  0.2730853    
  8.2169026E-02  0.1667699    
  8.2266733E-02  8.4458955E-02
  8.2364433E-02  2.8785633E-02
  8.2462139E-02  2.3226105E-03
  8.2559846E-02  5.5886642E-03
  8.2657546E-02  3.8937077E-02
  8.2755253E-02  0.1006377    
  8.2852952E-02  0.1888417    
  8.2950659E-02  0.2997389    
  8.3048366E-02  0.4295945    
  8.3146065E-02  0.5729699    
  8.3243772E-02  0.7248168    
  8.3341472E-02  0.8787425    
  8.3439179E-02   1.029137    
  8.3536886E-02   1.169457    
  8.3634585E-02   1.294361    
  8.3732292E-02   1.397984    
  8.3829992E-02   1.476050    
  8.3927698E-02   1.524112    
  8.4025405E-02   1.539616    
  8.4123105E-02   1.520083    
  8.4220812E-02   1.465111    
  8.4318511E-02   1.374480    
  8.4416218E-02   1.250080    
  8.4513925E-02   1.093940    
  8.4611624E-02  0.9100757    
  8.4709331E-02  0.7024538    
  8.4807038E-02  0.4767707    
  8.4904738E-02  0.2383584    
  8.5002445E-02 -6.0789729E-03
  8.5100144E-02 -0.2505952    
  8.5197851E-02 -0.4882875    
  8.5295558E-02 -0.7134297    
  8.5393257E-02 -0.9197534    
  8.5490964E-02  -1.102558    
  8.5588664E-02  -1.256959    
  8.5686371E-02  -1.379950    
  8.5784078E-02  -1.468594    
  8.5881777E-02  -1.522019    
  8.5979484E-02  -1.539540    
  8.6077183E-02  -1.522581    
  8.6174890E-02  -1.472710    
  8.6272597E-02  -1.393494    
  8.6370297E-02  -1.288459    
  8.6468004E-02  -1.162880    
  8.6565703E-02  -1.021687    
  8.6663410E-02 -0.8711996    
  8.6761117E-02 -0.7170048    
  8.6858816E-02 -0.5656721    
  8.6956523E-02 -0.4226167    
  8.7054223E-02 -0.2938255    
  8.7151930E-02 -0.1837413    
  8.7249637E-02 -9.7019814E-02
  8.7347336E-02 -3.6461346E-02
  8.7445043E-02 -4.8250514E-03
  8.7542742E-02 -2.8232790E-03
  8.7640449E-02 -3.1008383E-02
  8.7738156E-02 -8.7843761E-02
  8.7835856E-02 -0.1716653    
  8.7933563E-02 -0.2788302    
  8.8031262E-02 -0.4057488    
  8.8128969E-02 -0.5471018    
  8.8226676E-02 -0.6979266    
  8.8324375E-02 -0.8518839    
  8.8422082E-02  -1.003379    
  8.8519782E-02  -1.145850    
  8.8617489E-02  -1.273898    
  8.8715196E-02  -1.381566    
  8.8812895E-02  -1.464458    
  8.8910602E-02  -1.517975    
  8.9008301E-02  -1.539393    
  8.9106008E-02  -1.526045    
  8.9203715E-02  -1.477331    
  8.9301415E-02  -1.392829    
  8.9399122E-02  -1.274230    
  8.9496821E-02  -1.123374    
  8.9594528E-02 -0.9441069    
  8.9692235E-02 -0.7402437    
  8.9789934E-02 -0.5173583    
  8.9887641E-02 -0.2806917    
  8.9985341E-02 -3.6890127E-02
  9.0083048E-02  0.2081212    
  9.0180755E-02  0.4474224    
  9.0278454E-02  0.6752352    
  9.0376161E-02  0.8852037    
  9.0473861E-02   1.072509    
  9.0571567E-02   1.232117    
  9.0669274E-02   1.360854    
  9.0766974E-02   1.455596    
  9.0864681E-02   1.515274    
  9.0962388E-02   1.539001    
  9.1060087E-02   1.528001    
  9.1157794E-02   1.483652    
  9.1255493E-02   1.409348    
  9.1353200E-02   1.308464    
  9.1450907E-02   1.186146    
  9.1548607E-02   1.047232    
  9.1646314E-02  0.8979786    
  9.1744013E-02  0.7439498    
  9.1841720E-02  0.5917242    
  9.1939427E-02  0.4467676    
  9.2037126E-02  0.3151473    
  9.2134833E-02  0.2014231    
  9.2232533E-02  0.1103910    
  9.2330240E-02  4.5018673E-02
  9.2427947E-02  8.2450490E-03
  9.2525646E-02  9.7825693E-04
  9.2623353E-02  2.3967255E-02
  9.2721052E-02  7.5871691E-02
  9.2818759E-02  0.1552137    
  9.2916466E-02  0.2585208    
  9.3014166E-02  0.3823543    
  9.3111873E-02  0.5215170    
  9.3209572E-02  0.6711406    
  9.3307279E-02  0.8249424    
  9.3404986E-02  0.9773523    
  9.3502685E-02   1.121793    
  9.3600392E-02   1.252816    
  9.3698092E-02   1.364380    
  9.3795799E-02   1.451970    
  9.3893506E-02   1.510844    
  9.3991205E-02   1.538110    
  9.4088912E-02   1.530915    
  9.4186611E-02   1.488460    
  9.4284318E-02   1.410123    
  9.4382025E-02   1.297397    
  9.4479725E-02   1.151929    
  9.4577432E-02  0.9773903    
  9.4675131E-02  0.7774425    
  9.4772838E-02  0.5575305    
  9.4870545E-02  0.3227985    
  9.4968244E-02  7.9829156E-02
  9.5065951E-02 -0.1654792    
  9.5163651E-02 -0.4061977    
  9.5261358E-02 -0.6365002    
  9.5359065E-02 -0.8499505    
  9.5456764E-02  -1.041615    
  9.5554471E-02  -1.206320    
  9.5652170E-02  -1.340722    
  9.5749877E-02  -1.441514    
  9.5847584E-02  -1.507432    
  9.5945284E-02  -1.537388    
  9.6042991E-02  -1.532403    
  9.6140690E-02  -1.493667    
  9.6238397E-02  -1.424394    
  9.6336104E-02  -1.327803    
  9.6433803E-02  -1.208912    
  9.6531510E-02  -1.072453    
  9.6629210E-02 -0.9246194    
  9.6726917E-02 -0.7709422    
  9.6824624E-02 -0.6180073    
  9.6922323E-02 -0.4713200    
  9.7020030E-02 -0.3370271    
  9.7117737E-02 -0.2197946    
  9.7215436E-02 -0.1245585    
  9.7313143E-02 -5.4446772E-02
  9.7410843E-02 -1.2579174E-02
  9.7508550E-02 -5.5425797E-05
  9.7606257E-02 -1.7821951E-02
  9.7703956E-02 -6.4735092E-02
  9.7801663E-02 -0.1395050    
  9.7899362E-02 -0.2388346    
  9.7997069E-02 -0.3594379    
  9.8094776E-02 -0.4962467    
  9.8192476E-02 -0.6444895    
  9.8290183E-02 -0.7979512    
  9.8387882E-02 -0.9510879    
  9.8485589E-02  -1.097317    
  9.8583296E-02  -1.231144    
  9.8680995E-02  -1.346451    
  9.8778702E-02  -1.438609    
  9.8876402E-02  -1.502737    
  9.8974109E-02  -1.535777    
  9.9071816E-02  -1.534694    
  9.9169515E-02  -1.498494    
  9.9267222E-02  -1.426355    
  9.9364921E-02  -1.319565    
  9.9462628E-02  -1.179584    
  9.9560335E-02  -1.009901    
  9.9658035E-02 -0.8140211    
  9.9755742E-02 -0.5972546    
  9.9853441E-02 -0.3646445    
  9.9951148E-02 -0.1227035    
  0.1000489      0.1227036    
  0.1001466      0.3646445    
  0.1002443      0.5972550    
  0.1003420      0.8140208    
  0.1004397       1.009901    
  0.1005374       1.179584    
  0.1006351       1.319565    
  0.1007328       1.426355    
  0.1008305       1.498494    
  0.1009282       1.534694    
  0.1010259       1.535777    
  0.1011236       1.502737    
  0.1012213       1.438609    
  0.1013190       1.346451    
  0.1014167       1.231144    
  0.1015144       1.097317    
  0.1016121      0.9510878    
  0.1017098      0.7979510    
  0.1018075      0.6444896    
  0.1019052      0.4962468    
  0.1020029      0.3594379    
  0.1021006      0.2388347    
  0.1021983      0.1395052    
  0.1022960      6.4735167E-02
  0.1023937      1.7822042E-02
  0.1024915      5.5340581E-05
  0.1025892      1.2579123E-02
  0.1026869      5.4446522E-02
  0.1027846      0.1245586    
  0.1028823      0.2197945    
  0.1029800      0.3370270    
  0.1030777      0.4713199    
  0.1031754      0.6180071    
  0.1032731      0.7709422    
  0.1033708      0.9246194    
  0.1034685       1.072453    
  0.1035662       1.208912    
  0.1036639       1.327803    
  0.1037616       1.424394    
  0.1038593       1.493667    
  0.1039570       1.532403    
  0.1040547       1.537387    
  0.1041524       1.507432    
  0.1042501       1.441514    
  0.1043478       1.340722    
  0.1044455       1.206319    
  0.1045432       1.041615    
  0.1046409      0.8499503    
  0.1047386      0.6364998    
  0.1048363      0.4061973    
  0.1049341      0.1654789    
  0.1050318     -7.9829015E-02
  0.1051295     -0.3227987    
  0.1052272     -0.5575305    
  0.1053249     -0.7774430    
  0.1054226     -0.9773906    
  0.1055203      -1.151929    
  0.1056180      -1.297396    
  0.1057157      -1.410124    
  0.1058134      -1.488460    
  0.1059111      -1.530915    
  0.1060088      -1.538110    
  0.1061065      -1.510845    
  0.1062042      -1.451971    
  0.1063019      -1.364380    
  0.1063996      -1.252816    
  0.1064973      -1.121793    
  0.1065950     -0.9773523    
  0.1066927     -0.8249425    
  0.1067904     -0.6711402    
  0.1068881     -0.5215171    
  0.1069858     -0.3823543    
  0.1070835     -0.2585206    
  0.1071812     -0.1552134    
  0.1072789     -7.5871676E-02
  0.1073766     -2.3967374E-02
  0.1074743     -9.7847742E-04
  0.1075721     -8.2453135E-03
  0.1076698     -4.5018513E-02
  0.1077675     -0.1103911    
  0.1078652     -0.2014230    
  0.1079629     -0.3151475    
  0.1080606     -0.4467674    
  0.1081583     -0.5917242    
  0.1082560     -0.7439495    
  0.1083537     -0.8979787    
  0.1084514      -1.047232    
  0.1085491      -1.186147    
  0.1086468      -1.308464    
  0.1087445      -1.409348    
  0.1088422      -1.483652    
  0.1089399      -1.528000    
  0.1090376      -1.539001    
  0.1091353      -1.515274    
  0.1092330      -1.455596    
  0.1093307      -1.360854    
  0.1094284      -1.232117    
  0.1095261      -1.072508    
  0.1096238     -0.8852037    
  0.1097215     -0.6752352    
  0.1098192     -0.4474225    
  0.1099170     -0.2081208    
  0.1100147      3.6890123E-02
  0.1101124      0.2806919    
  0.1102101      0.5173584    
  0.1103078      0.7402438    
  0.1104055      0.9441070    
  0.1105032       1.123374    
  0.1106009       1.274229    
  0.1106986       1.392829    
  0.1107963       1.477331    
  0.1108940       1.526046    
  0.1109917       1.539393    
  0.1110894       1.517975    
  0.1111871       1.464458    
  0.1112848       1.381566    
  0.1113825       1.273898    
  0.1114802       1.145850    
  0.1115779       1.003379    
  0.1116756      0.8518842    
  0.1117733      0.6979265    
  0.1118710      0.5471017    
  0.1119687      0.4057486    
  0.1120664      0.2788302    
  0.1121641      0.1716653    
  0.1122618      8.7844178E-02
  0.1123596      3.1008283E-02
  0.1124573      2.8235565E-03
  0.1125550      4.8247543E-03
  0.1126527      3.6461439E-02
  0.1127504      9.7019367E-02
  0.1128481      0.1837413    
  0.1129458      0.2938255    
  0.1130435      0.4226168    
  0.1131412      0.5656721    
  0.1132389      0.7170050    
  0.1133366      0.8711993    
  0.1134343       1.021687    
  0.1135320       1.162880    
  0.1136297       1.288459    
  0.1137274       1.393493    
  0.1138251       1.472710    
  0.1139228       1.522581    
  0.1140205       1.539541    
  0.1141182       1.522018    
  0.1142159       1.468593    
  0.1143136       1.379950    
  0.1144113       1.256959    
  0.1145090       1.102558    
  0.1146067      0.9197534    
  0.1147044      0.7134297    
  0.1148022      0.4882874    
  0.1148999      0.2505950    
  0.1149976      6.0789878E-03
  0.1150953     -0.2383588    
  0.1151930     -0.4767706    
  0.1152907     -0.7024538    
  0.1153884     -0.9100758    
  0.1154861      -1.093940    
  0.1155838      -1.250080    
  0.1156815      -1.374480    
  0.1157792      -1.465111    
  0.1158769      -1.520083    
  0.1159746      -1.539616    
  0.1160723      -1.524112    
  0.1161700      -1.476050    
  0.1162677      -1.397985    
  0.1163654      -1.294361    
  0.1164631      -1.169457    
  0.1165608      -1.029137    
  0.1166585     -0.8787425    
  0.1167562     -0.7248170    
  0.1168539     -0.5729700    
  0.1169516     -0.4295947    
  0.1170493     -0.2997387    
  0.1171470     -0.1888418    
  0.1172448     -0.1006375    
  0.1173424     -3.8937222E-02
  0.1174402     -5.5883965E-03
  0.1175379     -2.3223790E-03
  0.1176356     -2.8785512E-02
  0.1177333     -8.4458947E-02
  0.1178310     -0.1667702    
  0.1179287     -0.2730854    
  0.1180264     -0.3988973    
  0.1181241     -0.5398816    
  0.1182218     -0.6901415    
  0.1183195     -0.8443136    
  0.1184172     -0.9958491    
  0.1185149      -1.139141    
  0.1186126      -1.267816    
  0.1187103      -1.376853    
  0.1188080      -1.460860    
  0.1189057      -1.516158    
  0.1190034      -1.539014    
  0.1191011      -1.527669    
  0.1191988      -1.480502    
  0.1192965      -1.397998    
  0.1193942      -1.280830    
  0.1194919      -1.131744    
  0.1195896     -0.9535736    
  0.1196873     -0.7510539    
  0.1197850     -0.5287598    
  0.1198828     -0.2928670    
  0.1199805     -4.9042810E-02
  0.1200782      0.1958333    
  0.1201759      0.4357998    
  0.1202736      0.6641018    
  0.1203713      0.8753221    
  0.1204690       1.063646    
  0.1205667       1.224963    
  0.1206644       1.355087    
  0.1207621       1.451803    
  0.1208598       1.513025    
  0.1209575       1.538770    
  0.1210552       1.529242    
  0.1211529       1.486729    
  0.1212506       1.413611    
  0.1213483       1.314178    
  0.1214460       1.192583    
  0.1215437       1.054593    
  0.1216414      0.9054859    
  0.1217391      0.7517783    
  0.1218368      0.5990914    
  0.1219345      0.4538625    
  0.1220322      0.3212230    
  0.1221299      0.2067228    
  0.1222277      0.1142384    
  0.1223254      4.7744129E-02
  0.1224231      9.2702536E-03
  0.1225208      7.4078742E-04
  0.1226185      2.1999687E-02
  0.1227162      7.2724245E-02
  0.1228139      0.1505284    
  0.1229116      0.2529517    
  0.1230093      0.3756364    
  0.1231070      0.5143837    
  0.1232047      0.6633902    
  0.1233024      0.8173545    
  0.1234001      0.9697505    
  0.1234978       1.114961    
  0.1235955       1.246562    
  0.1236932       1.359453    
  0.1237909       1.448121    
  0.1238886       1.508748    
  0.1239863       1.537430    
  0.1240840       1.532226    
  0.1241817       1.491318    
  0.1242794       1.414990    
  0.1243771       1.303713    
  0.1244748       1.160043    
  0.1245725      0.9866391    
  0.1246703      0.7880784    
  0.1247680      0.5688071    
  0.1248657      0.3349025    
  0.1249634      9.1966718E-02
  0.1250611     -0.1531495    
  0.1251588     -0.3944769    
  0.1252565     -0.6252179    
  0.1253542     -0.8398728    
  0.1254519      -1.032516    
  0.1255496      -1.198896    
  0.1256473      -1.334661    
  0.1257450      -1.437413    
  0.1258427      -1.504870    
  0.1259404      -1.536848    
  0.1260381      -1.533352    
  0.1261358      -1.496476    
  0.1262335      -1.428421    
  0.1263312      -1.333323    
  0.1264289      -1.215199    
  0.1265266      -1.079715    
  0.1266243     -0.9320803    
  0.1267220     -0.7787793    
  0.1268197     -0.6254345    
  0.1269174     -0.4785255    
  0.1270151     -0.3432568    
  0.1271129     -0.2252877    
  0.1272106     -0.1286302    
  0.1273082     -5.7419222E-02
  0.1274060     -1.3864568E-02
  0.1275037     -8.1292346E-05
  0.1276014     -1.6111379E-02
  0.1276991     -6.1828423E-02
  0.1277968     -0.1350360    
  0.1278945     -0.2334477    
  0.1279922     -0.3528619    
  0.1280899     -0.4892083    
  0.1281876     -0.6367846    
  0.1282853     -0.7903544    
  0.1283830     -0.9434249    
  0.1284807      -1.090371    
  0.1285784      -1.224728    
  0.1286761      -1.341315    
  0.1287738      -1.434514    
  0.1288715      -1.500363    
  0.1289692      -1.534798    
  0.1290669      -1.535694    
  0.1291646      -1.501040    
  0.1292623      -1.430915    
  0.1293600      -1.325594    
  0.1294577      -1.187437    
  0.1295554      -1.018924    
  0.1296532     -0.8244739    
  0.1297508     -0.6083975    
  0.1298486     -0.3766686    
  0.1299463     -0.1348164    
  0.1300440      0.1103422    
  0.1301417      0.3528376    
  0.1302394      0.5858324    
  0.1303371      0.8037554    
  0.1304348       1.000573    
  0.1305325       1.171896    
  0.1306302       1.313213    
  0.1307279       1.421947    
  0.1308256       1.495619    
  0.1309233       1.533845    
  0.1310210       1.536430    
  0.1311187       1.505273    
  0.1312164       1.442395    
  0.1313141       1.351767    
  0.1314118       1.237274    
  0.1315095       1.104471    
  0.1316072      0.9584942    
  0.1317049      0.8057863    
  0.1318026      0.6519682    
  0.1319003      0.5035532    
  0.1319980      0.3658150    
  0.1320958      0.2445143    
  0.1321935      0.1437960    
  0.1322912      6.7950986E-02
  0.1323889      1.9365758E-02
  0.1324866      3.4512670E-04
  0.1325843      1.1127880E-02
  0.1326820      5.1784769E-02
  0.1327797      0.1203102    
  0.1328774      0.2145965    
  0.1329751      0.3306001    
  0.1330728      0.4643860    
  0.1331705      0.6103560    
  0.1332682      0.7633473    
  0.1333659      0.9169036    
  0.1334636       1.065402    
  0.1335613       1.202340    
  0.1336590       1.322467    
  0.1337567       1.420059    
  0.1338544       1.491022    
  0.1339521       1.531129    
  0.1340498       1.538079    
  0.1341475       1.509664    
  0.1342452       1.445768    
  0.1343429       1.346459    
  0.1344406       1.213907    
  0.1345384       1.050406    
  0.1346361      0.8602133    
  0.1347338      0.6475005    
  0.1348315      0.4181310    
  0.1349292      0.1775573    
  0.1350269     -6.7445762E-02
  0.1351246     -0.3109133    
  0.1352223     -0.5459769    
  0.1353200     -0.7669965    
  0.1354177     -0.9678386    
  0.1355154      -1.143982    
  0.1356131      -1.290758    
  0.1357108      -1.405410    
  0.1358085      -1.485272    
  0.1359062      -1.529755    
  0.1360039      -1.538464    
  0.1361016      -1.513103    
  0.1361993      -1.455508    
  0.1362970      -1.369488    
  0.1363947      -1.258780    
  0.1364924      -1.128831    
  0.1365901     -0.9846942    
  0.1366878     -0.8327669    
  0.1367855     -0.6786606    
  0.1368832     -0.5289165    
  0.1369810     -0.3888704    
  0.1370787     -0.2643811    
  0.1371763     -0.1597187    
  0.1372741     -7.9328105E-02
  0.1373718     -2.5767699E-02
  0.1374695     -1.5317773E-03
  0.1375672     -7.0541506E-03
  0.1376649     -4.2604387E-02
  0.1377626     -0.1063685    
  0.1378603     -0.1964200    
  0.1379580     -0.3088775    
  0.1380557     -0.4399450    
  0.1381534     -0.5841358    
  0.1382511     -0.7363650    
  0.1383488     -0.8902200    
  0.1384465      -1.040085    
  0.1385442      -1.179429    
  0.1386419      -1.302935    
  0.1387396      -1.404779    
  0.1388373      -1.480740    
  0.1389350      -1.526435    
  0.1390327      -1.539384    
  0.1391304      -1.517192    
  0.1392281      -1.459540    
  0.1393258      -1.366296    
  0.1394235      -1.239433    
  0.1395213      -1.081061    
  0.1396189     -0.8952680    
  0.1397167     -0.6860841    
  0.1398144     -0.4592564    
  0.1399121     -0.2201549    
  0.1400098      2.4494370E-02
  0.1401075      0.2687385    
  0.1402052      0.5056827    
  0.1403029      0.7296260    
  0.1404006      0.9343389    
  0.1404983       1.115174    
  0.1405960       1.267309    
  0.1406937       1.387814    
  0.1407914       1.473830    
  0.1408891       1.524574    
  0.1409868       1.539445    
  0.1410845       1.519951    
  0.1411822       1.467742    
  0.1412799       1.386457    
  0.1413776       1.279688    
  0.1414753       1.152762    
  0.1415730       1.010648    
  0.1416707      0.8596877    
  0.1417684      0.7054803    
  0.1418661      0.5545851    
  0.1419639      0.4123972    
  0.1420615      0.2848638    
  0.1421593      0.1763797    
  0.1422570      9.1536038E-02
  0.1423547      3.3063609E-02
  0.1424524      3.6398007E-03
  0.1425501      3.8959088E-03
  0.1426478      3.4298170E-02
  0.1427455      9.3227193E-02
  0.1428432      0.1789395    
  0.1429409      0.2877192    
  0.1430386      0.4159149    
  0.1431363      0.5581550    
  0.1432340      0.7094406    
  0.1433317      0.8634069    
  0.1434294       1.014453    
  0.1435271       1.156024    
  0.1436248       1.282745    
  0.1437225       1.388698    
  0.1438202       1.469536    
  0.1439179       1.520727    
  0.1440156       1.539619    
  0.1441133       1.523624    
  0.1442110       1.472227    
  0.1443087       1.385094    
  0.1444065       1.263999    
  0.1445042       1.110866    
  0.1446019      0.9296120    
  0.1446996      0.7241188    
  0.1447973      0.5000127    
  0.1448950      0.2625748    
  0.1449927      1.8476544E-02
  0.1450904     -0.2263470    
  0.1451881     -0.4649825    
  0.1452858     -0.6916724    
  0.1453835     -0.9000985    
  0.1454812      -1.085491    
  0.1455789      -1.242882    
  0.1456766      -1.369166    
  0.1457743      -1.461299    
  0.1458720      -1.518299    
  0.1459697      -1.539363    
  0.1460674      -1.525802    
  0.1461651      -1.479075    
  0.1462628      -1.402651    
  0.1463605      -1.299970    
  0.1464582      -1.176235    
  0.1465559      -1.036322    
  0.1466536     -0.8865170    
  0.1467513     -0.7323938    
  0.1468491     -0.5805289    
  0.1469468     -0.4363658    
  0.1470445     -0.3059400    
  0.1471422     -0.1937595    
  0.1472399     -0.1045622    
  0.1473376     -4.1244105E-02
  0.1474353     -6.6672363E-03
  0.1475330     -1.6564800E-03
  0.1476307     -2.6875818E-02
  0.1477284     -8.0901265E-02
  0.1478261     -0.1621743    
  0.1479238     -0.2671498    
  0.1480215     -0.3923233    
  0.1481192     -0.5324451    
  0.1482169     -0.6826051    
  0.1483146     -0.8364969    
  0.1484123     -0.9885374    
  0.1485100      -1.132156    
  0.1486077      -1.261925    
  0.1487054      -1.371838    
  0.1488031      -1.457430    
  0.1489008      -1.514022    
  0.1489985      -1.538789    
  0.1490962      -1.528962    
  0.1491939      -1.483824    
  0.1492916      -1.402841    
  0.1493894      -1.287589    
  0.1494870      -1.139801    
  0.1495848     -0.9632195    
  0.1496825     -0.7615748    
  0.1497802     -0.5403666    
  0.1498779     -0.3047824    
  0.1499756     -6.1432336E-02
  0.1500733      0.1837727    
  0.1501710      0.4239069    
  0.1502687      0.6531652    
  0.1503664      0.8651433    
  0.1504641       1.054957    
  0.1505618       1.217491    
  0.1506595       1.349477    
  0.1507572       1.447681    
  0.1508549       1.510927    
  0.1509526       1.538211    
  0.1510503       1.530642    
  0.1511480       1.489490    
  0.1512457       1.418046    
  0.1513434       1.319598    
  0.1514411       1.199219    
  0.1515388       1.061686    
  0.1516365      0.9132209    
  0.1517342      0.7593703    
  0.1518320      0.6067168    
  0.1519296      0.4607502    
  0.1520274      0.3275835    
  0.1521251      0.2118381    
  0.1522228      0.1183906    
  0.1523205      5.0300170E-02
  0.1524182      1.0610280E-02
  0.1525159      3.3795598E-04
  0.1526136      2.0345496E-02
  0.1527113      6.9404632E-02
  0.1528090      0.1461450    
  0.1529067      0.2471935    
  0.1530044      0.3691989    
  0.1531021      0.5070361    
  0.1531998      0.6558926    
  0.1532975      0.8095223    
  0.1533952      0.9623711    
  0.1534929       1.107856    
  0.1535906       1.240503    
  0.1536883       1.354224    
  0.1537860       1.444441    
  0.1538837       1.506331    
  0.1539814       1.536905    
  0.1540791       1.533207    
  0.1541768       1.494328    
  0.1542746       1.419529    
  0.1543722       1.310188    
  0.1544700       1.167843    
  0.1545677      0.9960641    
  0.1546654      0.7984222    
  0.1547631      0.5802866    
  0.1548608      0.3467448    
  0.1549585      0.1043387    
  0.1550562     -0.1410501    
  0.1551539     -0.3824911    
  0.1552516     -0.6141348    
  0.1553493     -0.8295006    
  0.1554470      -1.023592    
  0.1555447      -1.191156    
  0.1556424      -1.328757    
  0.1557401      -1.432984    
  0.1558378      -1.502459    
  0.1559355      -1.535981    
  0.1560332      -1.534458    
  0.1561309      -1.498967    
  0.1562286      -1.432620    
  0.1563263      -1.338545    
  0.1564240      -1.221683    
  0.1565217      -1.086707    
  0.1566194     -0.9397676    
  0.1567172     -0.7863762    
  0.1568149     -0.6331177    
  0.1569126     -0.4855201    
  0.1570103     -0.3497699    
  0.1571080     -0.2305941    
  0.1572057     -0.1330051    
  0.1573034     -6.0221042E-02
  0.1574011     -1.5464091E-02
  0.1574988      5.7681576E-05
  0.1575965     -1.4715235E-02
  0.1576942     -5.8751270E-02
  0.1577919     -0.1308696    
  0.1578896     -0.2278740    
  0.1579873     -0.3465680    
  0.1580850     -0.4819590    
  0.1581827     -0.6293343    
  0.1582804     -0.7825175    
  0.1583781     -0.9359858    
  0.1584758      -1.083154    
  0.1585735      -1.218506    
  0.1586712      -1.335881    
  0.1587689      -1.430589    
  0.1588666      -1.497671    
  0.1589643      -1.533976    
  0.1590620      -1.536366    
  0.1591597      -1.503736    
  0.1592575      -1.435149    
  0.1593551      -1.331779    
  0.1594529      -1.194975    
  0.1595506      -1.028123    
  0.1596483     -0.8346333    
  0.1597460     -0.6197413    
  0.1598437     -0.3884272    
  0.1599414     -0.1471608    
  0.1600391      9.8213896E-02
  0.1601368      0.3407665    
  0.1602345      0.5746119    
  0.1603322      0.7931964    
  0.1604299      0.9914198    
  0.1605276       1.163893    
  0.1606253       1.307020    
  0.1607230       1.417210    
  0.1608207       1.492895    
  0.1609184       1.532668    
  0.1610161       1.537238    
  0.1611138       1.507489    
  0.1612115       1.446350    
  0.1613092       1.356786    
  0.1614069       1.243599    
  0.1615046       1.111353    
  0.1616023      0.9661236    
  0.1617001      0.8133791    
  0.1617977      0.6596999    
  0.1618955      0.5106468    
  0.1619932      0.3724726    
  0.1620909      0.2500062    
  0.1621886      0.1483891    
  0.1622863      7.0996009E-02
  0.1623840      2.1223305E-02
  0.1624817      4.6984034E-04
  0.1625794      9.9907527E-03
  0.1626771      4.8952952E-02
  0.1627748      0.1163662    
  0.1628725      0.2092134    
  0.1629702      0.3244578    
  0.1630679      0.4572424    
  0.1631656      0.6029621    
  0.1632633      0.7555140    
  0.1633610      0.9094151    
  0.1634587       1.058082    
  0.1635564       1.195966    
  0.1636541       1.316835    
  0.1637518       1.415897    
  0.1638495       1.488059    
  0.1639472       1.530012    
  0.1640449       1.538441    
  0.1641427       1.512047    
  0.1642403       1.449693    
  0.1643381       1.352352    
  0.1644358       1.221177    
  0.1645335       1.059370    
  0.1646312      0.8701795    
  0.1647289      0.6586987    
  0.1648266      0.4297966    
  0.1649243      0.1898644    
  0.1650220     -5.5297911E-02
  0.1651197     -0.2987673    
  0.1652174     -0.5346278    
  0.1653151     -0.7562603    
  0.1654128     -0.9584647    
  0.1655105      -1.135722    
  0.1656082      -1.284280    
  0.1657059      -1.400370    
  0.1658036      -1.482234    
  0.1659013      -1.528266    
  0.1659990      -1.538972    
  0.1660967      -1.515040    
  0.1661944      -1.459214    
  0.1662921      -1.374294    
  0.1663898      -1.264937    
  0.1664875      -1.135593    
  0.1665853     -0.9922564    
  0.1666829     -0.8403456    
  0.1667807     -0.6864323    
  0.1668784     -0.5361003    
  0.1669761     -0.3956660    
  0.1670738     -0.2700510    
  0.1671715     -0.1645246    
  0.1672692     -8.2611337E-02
  0.1673669     -2.7881859E-02
  0.1674646     -1.9198250E-03
  0.1675623     -6.1784913E-03
  0.1676600     -4.0021364E-02
  0.1677577     -0.1026518    
  0.1678554     -0.1912338    
  0.1679531     -0.3028938    
  0.1680508     -0.4329160    
  0.1681485     -0.5768070    
  0.1682462     -0.7285451    
  0.1683439     -0.8826912    
  0.1684416      -1.032673    
  0.1685393      -1.172911    
  0.1686370      -1.297112    
  0.1687347      -1.400386    
  0.1688324      -1.477512    
  0.1689301      -1.525027    
  0.1690279      -1.539441    
  0.1691256      -1.519262    
  0.1692232      -1.463156    
  0.1693210      -1.371894    
  0.1694187      -1.246431    
  0.1695164      -1.089784    
  0.1696141     -0.9050339    
  0.1697118     -0.6971288    
  0.1698095     -0.4708201    
  0.1699072     -0.2324148    
  0.1700049      1.2337628E-02
  0.1701026      0.2565271    
  0.1702003      0.4942147    
  0.1702980      0.7187203    
  0.1703957      0.9247505    
  0.1704934       1.106661    
  0.1705911       1.260550    
  0.1706888       1.382473    
  0.1707865       1.470482    
  0.1708842       1.522773    
  0.1709819       1.539651    
  0.1710796       1.521605    
  0.1711773       1.471193    
  0.1712750       1.391044    
  0.1713727       1.285668    
  0.1714704       1.159397    
  0.1715682       1.018133    
  0.1716658      0.8672441    
  0.1717636      0.7132816    
  0.1718613      0.5618508    
  0.1719590      0.4193212    
  0.1720567      0.2907062    
  0.1721544      0.1813930    
  0.1722521      9.5055021E-02
  0.1723498      3.5431135E-02
  0.1724475      4.2910520E-03
  0.1725452      3.2825535E-03
  0.1726429      3.1966861E-02
  0.1727406      8.9741930E-02
  0.1728383      0.1739551    
  0.1729360      0.2819012    
  0.1730337      0.4090081    
  0.1731314      0.5509006    
  0.1732291      0.7016421    
  0.1733268      0.8558471    
  0.1734245       1.006956    
  0.1735222       1.149371    
  0.1736199       1.276739    
  0.1737176       1.384080    
  0.1738153       1.466048    
  0.1739130       1.519033    
  0.1740108       1.539370    
  0.1741084       1.525381    
  0.1742062       1.475532    
  0.1743039       1.390392    
  0.1744016       1.270720    
  0.1744993       1.119343    
  0.1745970      0.9391704    
  0.1746947      0.7350013    
  0.1747924      0.5114645    
  0.1748901      0.2747773    
  0.1749878      3.0632326E-02
  0.1750855     -0.2140798    
  0.1751832     -0.4534030    
  0.1752809     -0.6806054    
  0.1753786     -0.8903031    
  0.1754763      -1.076733    
  0.1755740      -1.235845    
  0.1756717      -1.363526    
  0.1757694      -1.457639    
  0.1758671      -1.516184    
  0.1759648      -1.539263    
  0.1760625      -1.527168    
  0.1761602      -1.482266    
  0.1762579      -1.407012    
  0.1763556      -1.305766    
  0.1764534      -1.182733    
  0.1765510      -1.043722    
  0.1766488     -0.8940405    
  0.1767465     -0.7402168    
  0.1768442     -0.5878673    
  0.1769419     -0.4434122    
  0.1770396     -0.3119467    
  0.1771373     -0.1989747    
  0.1772350     -0.1083119    
  0.1773327     -4.3862846E-02
  0.1774304     -7.5804959E-03
  0.1775281     -1.3057812E-03
  0.1776258     -2.4798384E-02
  0.1777235     -7.7651277E-02
  0.1778212     -0.1573985    
  0.1779189     -0.2615044    
  0.1780166     -0.3855475    
  0.1781143     -0.5252734    
  0.1782120     -0.6748390    
  0.1783097     -0.8289149    
  0.1784074     -0.9809656    
  0.1785051      -1.125377    
  0.1786028      -1.255744    
  0.1787005      -1.367001    
  0.1787982      -1.453688    
  0.1788960      -1.512044    
  0.1789936      -1.538238    
  0.1790913      -1.530406    
  0.1791891      -1.486817    
  0.1792868      -1.407838    
  0.1793845      -1.294028    
  0.1794822      -1.148024    
  0.1795799     -0.9725621    
  0.1796776     -0.7722859    
  0.1797753     -0.5516977    
  0.1798730     -0.3169187    
  0.1799707     -7.3577560E-02
  0.1800684      0.1714597    
  0.1801661      0.4122277    
  0.1802638      0.6419454    
  0.1803615      0.8551491    
  0.1804592       1.045959    
  0.1805569       1.210183    
  0.1806546       1.343541    
  0.1807523       1.443712    
  0.1808500       1.508500    
  0.1809477       1.537804    
  0.1810454       1.531717    
  0.1811431       1.492414    
  0.1812408       1.422175    
  0.1813385       1.325202    
  0.1814363       1.205571    
  0.1815339       1.068991    
  0.1816317      0.9207032    
  0.1817294      0.7672051    
  0.1818271      0.6141194    
  0.1819248      0.4679094    
  0.1820225      0.3337481    
  0.1821202      0.2172488    
  0.1822179      0.1223664    
  0.1823156      5.3166911E-02
  0.1824133      1.1784084E-02
  0.1825110      2.5092645E-04
  0.1826087      1.8524678E-02
  0.1827064      6.6394486E-02
  0.1828041      0.1415825    
  0.1829018      0.2417279    
  0.1829995      0.3625611    
  0.1830972      0.4999566    
  0.1831949      0.6481673    
  0.1832926      0.8019289    
  0.1833903      0.9547331    
  0.1834880       1.100958    
  0.1835857       1.234155    
  0.1836834       1.349177    
  0.1837811       1.440450    
  0.1838789       1.504075    
  0.1839765       1.536054    
  0.1840743       1.534341    
  0.1841720       1.497007    
  0.1842697       1.424221    
  0.1843674       1.316339    
  0.1844651       1.175809    
  0.1845628       1.005185    
  0.1846605      0.8089547    
  0.1847582      0.5914883    
  0.1848559      0.3588043    
  0.1849536      0.1164635    
  0.1850513     -0.1287012    
  0.1851490     -0.3707199    
  0.1852467     -0.6027712    
  0.1853444     -0.8193141    
  0.1854421      -1.014361    
  0.1855398      -1.183580    
  0.1856375      -1.322529    
  0.1857352      -1.428706    
  0.1858329      -1.499719    
  0.1859306      -1.535266    
  0.1860283      -1.535238    
  0.1861260      -1.501620    
  0.1862237      -1.436510    
  0.1863215      -1.343951    
  0.1864191      -1.227882    
  0.1865169      -1.093908    
  0.1866146     -0.9471987    
  0.1867123     -0.7942133    
  0.1868100     -0.6405752    
  0.1869077     -0.4927843    
  0.1870054     -0.3560845    
  0.1871031     -0.2361947    
  0.1872008     -0.1372026    
  0.1872985     -6.3333414E-02
  0.1873962     -1.6897140E-02
  0.1874939     -1.1897529E-04
  0.1875916     -1.3152217E-02
  0.1876893     -5.5984046E-02
  0.1877870     -0.1265260    
  0.1878847     -0.2225944    
  0.1879824     -0.3400765    
  0.1880801     -0.4749791    
  0.1881778     -0.6216590    
  0.1882755     -0.7749209    
  0.1883732     -0.9282917    
  0.1884709      -1.076147    
  0.1885686      -1.212001    
  0.1886663      -1.330630    
  0.1887641      -1.426356    
  0.1888617      -1.495141    
  0.1889594      -1.532828    
  0.1890572      -1.537189    
  0.1891549      -1.506102    
  0.1892526      -1.439535    
  0.1893503      -1.337642    
  0.1894480      -1.202677    
  0.1895457      -1.037014    
  0.1896434     -0.8449785    
  0.1897411     -0.6308038    
  0.1898388     -0.4004005    
  0.1899365     -0.1592554    
  0.1900342      8.5838370E-02
  0.1901319      0.3289135    
  0.1902296      0.5631134    
  0.1903273      0.7828268    
  0.1904250      0.9819629    
  0.1905227       1.156056    
  0.1906204       1.300505    
  0.1907181       1.412628    
  0.1908158       1.489840    
  0.1909135       1.531642    
  0.1910112       1.537721    
  0.1911089       1.509867    
  0.1912066       1.449994    
  0.1913043       1.361984    
  0.1914020       1.249635    
  0.1914998       1.118441    
  0.1915975      0.9734941    
  0.1916952      0.8212088    
  0.1917929      0.6672038    
  0.1918906      0.5180073    
  0.1919883      0.3789307    
  0.1920860      0.2557896    
  0.1921837      0.1528032    
  0.1922814      7.4349247E-02
  0.1923791      2.2914434E-02
  0.1924768      9.1006042E-04
  0.1925745      8.6881937E-03
  0.1926722      4.6432335E-02
  0.1927699      0.1122466    
  0.1928676      0.2041264    
  0.1929653      0.3181196    
  0.1930630      0.4503712    
  0.1931607      0.5953453    
  0.1932584      0.7479241    
  0.1933561      0.9016737    
  0.1934538       1.050976    
  0.1935515       1.189310    
  0.1936492       1.311388    
  0.1937469       1.411427    
  0.1938446       1.485260    
  0.1939424       1.528571    
  0.1940401       1.538957    
  0.1941378       1.514101    
  0.1942355       1.453771    
  0.1943332       1.357921    
  0.1944309       1.228610    
  0.1945286       1.068026    
  0.1946263      0.8803298    
  0.1947240      0.6696138    
  0.1948217      0.4416746    
  0.1949194      0.2019188    
  0.1950171     -4.2906415E-02
  0.1951148     -0.2868419    
  0.1952125     -0.5230038    
  0.1953102     -0.7457152    
  0.1954079     -0.9487881    
  0.1955056      -1.127628    
  0.1956033      -1.277480    
  0.1957010      -1.395485    
  0.1957987      -1.478868    
  0.1958964      -1.526928    
  0.1959941      -1.539154    
  0.1960918      -1.517138    
  0.1961896      -1.462608    
  0.1962872      -1.379278    
  0.1963850      -1.270803    
  0.1964827      -1.142560    
  0.1965804     -0.9995567    
  0.1966781     -0.8481597    
  0.1967758     -0.6939725    
  0.1968735     -0.5435488    
  0.1969712     -0.4022580    
  0.1970689     -0.2760118    
  0.1971666     -0.1691500    
  0.1972643     -8.6203165E-02
  0.1973620     -2.9828036E-02
  0.1974597     -2.6237124E-03
  0.1975574     -5.1374347E-03
  0.1976551     -3.7750445E-02
  0.1977528     -9.8760389E-02
  0.1978505     -0.1863444    
  0.1979482     -0.2967162    
  0.1980459     -0.4261613    
  0.1981436     -0.5692583    
  0.1982413     -0.7209700    
  0.1983390     -0.8749122    
  0.1984367      -1.025475    
  0.1985344      -1.166113    
  0.1986322      -1.291476    
  0.1987298      -1.395687    
  0.1988275      -1.474450    
  0.1989253      -1.523297    
  0.1990230      -1.539649    
  0.1991207      -1.521002    
  0.1992184      -1.466923    
  0.1993161      -1.377166    
  0.1994138      -1.253590    
  0.1995115      -1.098198    
  0.1996092     -0.9149821    
  0.1997069     -0.7078877    
  0.1998046     -0.4825929    
  0.1999023     -0.2444187    
  0.2000000     -6.0010698E-05
